"INDICATOR","HFA_25"

"HFA_25","Total fertility rate"

"UNIT_TYPE","Unit"
"BIRTHS_WOMAN","births per woman"

"EXTERNID","ID in the originating data source"

"DATA_SOURCE","Data source"
"HFA","European Health for All database"

"DATA_TYPE_REPRESENTATION","Data type representation"
"RATIO","Ratio"

"DATA_SET","Data set"
"HFA","European Health for All database (WHO)"

"DATA_MASK","Mask for controlling the output format of values"

"SEX","Sex"
"FEMALE","Female"
"MALE","Male"
"ALL","All"

"COUNTRY","COUNTRY_GRP","SEX","YEAR","VALUE"
"ALB","","ALL","1980","3.6"
"ALB","","ALL","1981","3.44"
"ALB","","ALL","1982","3.56"
"ALB","","ALL","1983","3.25"
"ALB","","ALL","1984","3.38"
"ALB","","ALL","1985","3.26"
"ALB","","ALL","1986","3.11"
"ALB","","ALL","1987","3.16"
"ALB","","ALL","1988","3.03"
"ALB","","ALL","1989","2.96"
"ALB","","ALL","1990","3.03"
"ALB","","ALL","1991","2.95"
"ALB","","ALL","1992","2.8"
"ALB","","ALL","1993","2.75"
"ALB","","ALL","1994","2.6"
"ALB","","ALL","1995","2.4"
"ALB","","ALL","1996","2.6"
"ALB","","ALL","1997","2.5"
"ALB","","ALL","1998","2.5"
"ALB","","ALL","1999","2.4"
"ALB","","ALL","2000","2.4"
"ALB","","ALL","2001","2.1"
"ALB","","ALL","2002","2.29"
"ALB","","ALL","2003","2"
"ALB","","ALL","2004","1.79"
"ALB","","ALL","2005","1.78"
"ALB","","ALL","2007","1.3"
"ALB","","ALL","2008","1.6"
"ALB","","ALL","2009","1.6"
"ALB","","ALL","2011","1.58"
"ALB","","ALL","2012","1.78"
"ALB","","ALL","2013","1.76"
"ALB","","ALL","2014","1.78"
"ALB","","ALL","2015","1.67"
"ALB","","ALL","2016","1.54"
"ALB","","ALL","2017","1.48"
"AND","","ALL","1991","1.5"
"AND","","ALL","1995","1.08"
"AND","","ALL","1996","1.03"
"AND","","ALL","1997","1.28"
"AND","","ALL","1998","1.37"
"AND","","ALL","1999","1.18"
"AND","","ALL","2000","1.32"
"AND","","ALL","2001","1.36"
"AND","","ALL","2002","1.41"
"AND","","ALL","2003","1.3"
"AND","","ALL","2004","1.27"
"AND","","ALL","2005","1.23"
"AND","","ALL","2006","1.22"
"AND","","ALL","2007","1.18"
"AND","","ALL","2008","1.24"
"AND","","ALL","2009","1.21"
"AND","","ALL","2010","1.23"
"AND","","ALL","2011","1.21"
"AND","","ALL","2012","1.19"
"AND","","ALL","2013","1.08"
"AND","","ALL","2014","1.11"
"AND","","ALL","2015","1.16"
"AND","","ALL","2016","1.11"
"AND","","ALL","2017","1.06"
"AND","","ALL","2018","0.99"
"AND","","ALL","2019","0.89"
"ARM","","ALL","1970","3.2"
"ARM","","ALL","1980","2.3"
"ARM","","ALL","1981","2.3"
"ARM","","ALL","1982","2.3"
"ARM","","ALL","1983","2.4"
"ARM","","ALL","1984","2.5"
"ARM","","ALL","1985","2.55"
"ARM","","ALL","1986","2.56"
"ARM","","ALL","1987","2.54"
"ARM","","ALL","1988","2.49"
"ARM","","ALL","1989","2.61"
"ARM","","ALL","1990","2.63"
"ARM","","ALL","1991","2.58"
"ARM","","ALL","1992","2.3"
"ARM","","ALL","1993","1.96"
"ARM","","ALL","1994","1.7"
"ARM","","ALL","1995","1.63"
"ARM","","ALL","1996","1.59"
"ARM","","ALL","1997","1.45"
"ARM","","ALL","1998","1.29"
"ARM","","ALL","1999","1.19"
"ARM","","ALL","2000","1.11"
"ARM","","ALL","2001","1.02"
"ARM","","ALL","2002","1.33"
"ARM","","ALL","2003","1.35"
"ARM","","ALL","2004","1.38"
"ARM","","ALL","2005","1.37"
"ARM","","ALL","2006","1.35"
"ARM","","ALL","2007","1.42"
"ARM","","ALL","2008","1.44"
"ARM","","ALL","2009","1.55"
"ARM","","ALL","2010","1.56"
"ARM","","ALL","2011","1.5"
"ARM","","ALL","2012","1.56"
"ARM","","ALL","2013","1.573"
"ARM","","ALL","2014","1.651"
"ARM","","ALL","2015","1.645"
"ARM","","ALL","2016","1.647"
"ARM","","ALL","2017","1.576"
"ARM","","ALL","2018","1.572"
"AUT","","ALL","1980","1.6"
"AUT","","ALL","1981","1.67"
"AUT","","ALL","1982","1.66"
"AUT","","ALL","1983","1.56"
"AUT","","ALL","1984","1.52"
"AUT","","ALL","1985","1.47"
"AUT","","ALL","1986","1.45"
"AUT","","ALL","1987","1.43"
"AUT","","ALL","1988","1.45"
"AUT","","ALL","1989","1.45"
"AUT","","ALL","1990","1.46"
"AUT","","ALL","1991","1.51"
"AUT","","ALL","1992","1.51"
"AUT","","ALL","1993","1.5"
"AUT","","ALL","1994","1.47"
"AUT","","ALL","1995","1.42"
"AUT","","ALL","1996","1.45"
"AUT","","ALL","1997","1.39"
"AUT","","ALL","1998","1.37"
"AUT","","ALL","1999","1.34"
"AUT","","ALL","2000","1.36"
"AUT","","ALL","2001","1.33"
"AUT","","ALL","2002","1.4"
"AUT","","ALL","2003","1.38"
"AUT","","ALL","2004","1.42"
"AUT","","ALL","2005","1.41"
"AUT","","ALL","2006","1.41"
"AUT","","ALL","2007","1.38"
"AUT","","ALL","2008","1.41"
"AUT","","ALL","2009","1.39"
"AUT","","ALL","2010","1.44"
"AUT","","ALL","2011","1.43"
"AUT","","ALL","2012","1.44"
"AUT","","ALL","2013","1.44"
"AUT","","ALL","2014","1.46"
"AUT","","ALL","2015","1.49"
"AUT","","ALL","2016","1.53"
"AUT","","ALL","2017","1.52"
"AUT","","ALL","2018","1.48"
"AZE","","ALL","1970","4.7"
"AZE","","ALL","1971","4.6"
"AZE","","ALL","1972","4.1"
"AZE","","ALL","1973","4.1"
"AZE","","ALL","1974","4"
"AZE","","ALL","1975","3.7"
"AZE","","ALL","1976","3.9"
"AZE","","ALL","1977","3.8"
"AZE","","ALL","1978","3.6"
"AZE","","ALL","1979","3.5"
"AZE","","ALL","1980","3.3"
"AZE","","ALL","1981","3.2"
"AZE","","ALL","1982","3.1"
"AZE","","ALL","1983","3"
"AZE","","ALL","1984","3"
"AZE","","ALL","1985","2.9"
"AZE","","ALL","1986","2.9"
"AZE","","ALL","1987","2.9"
"AZE","","ALL","1988","2.8"
"AZE","","ALL","1989","2.8"
"AZE","","ALL","1990","2.8"
"AZE","","ALL","1991","2.9"
"AZE","","ALL","1992","2.7"
"AZE","","ALL","1993","2.7"
"AZE","","ALL","1994","2.5"
"AZE","","ALL","1995","2.3"
"AZE","","ALL","1996","2.1"
"AZE","","ALL","1997","2.1"
"AZE","","ALL","1998","2"
"AZE","","ALL","1999","2"
"AZE","","ALL","2000","2"
"AZE","","ALL","2001","1.8"
"AZE","","ALL","2002","1.8"
"AZE","","ALL","2003","1.9"
"AZE","","ALL","2004","2.1"
"AZE","","ALL","2005","2.3"
"AZE","","ALL","2006","2.3"
"AZE","","ALL","2007","2.3"
"AZE","","ALL","2008","2.3"
"AZE","","ALL","2009","2.3"
"AZE","","ALL","2010","2.3"
"AZE","","ALL","2011","2.4"
"AZE","","ALL","2012","2.3"
"AZE","","ALL","2013","2.2"
"AZE","","ALL","2014","2.2"
"AZE","","ALL","2015","2.1"
"AZE","","ALL","2016","2"
"AZE","","ALL","2017","1.9"
"BEL","","ALL","1980","1.7"
"BEL","","ALL","1981","1.7"
"BEL","","ALL","1982","1.6"
"BEL","","ALL","1983","1.6"
"BEL","","ALL","1984","1.5"
"BEL","","ALL","1985","1.51"
"BEL","","ALL","1986","1.5"
"BEL","","ALL","1987","1.5"
"BEL","","ALL","1988","1.6"
"BEL","","ALL","1989","1.6"
"BEL","","ALL","1990","1.6"
"BEL","","ALL","1991","1.65"
"BEL","","ALL","1992","1.65"
"BEL","","ALL","1993","1.65"
"BEL","","ALL","1994","1.6"
"BEL","","ALL","1995","1.6"
"BEL","","ALL","1996","1.6"
"BEL","","ALL","1997","1.6"
"BEL","","ALL","1998","1.6"
"BEL","","ALL","1999","1.6"
"BEL","","ALL","2000","1.7"
"BEL","","ALL","2001","1.7"
"BEL","","ALL","2002","1.6"
"BEL","","ALL","2003","1.7"
"BEL","","ALL","2004","1.7"
"BEL","","ALL","2005","1.8"
"BEL","","ALL","2006","1.8"
"BEL","","ALL","2007","1.8"
"BEL","","ALL","2008","1.9"
"BEL","","ALL","2009","1.8"
"BEL","","ALL","2010","1.8"
"BEL","","ALL","2011","1.8"
"BEL","","ALL","2012","1.8"
"BEL","","ALL","2013","1.75"
"BEL","","ALL","2014","1.73"
"BEL","","ALL","2015","1.69"
"BEL","","ALL","2016","1.68"
"BEL","","ALL","2017","1.64"
"BEL","","ALL","2018","1.61"
"BGR","","ALL","1980","2"
"BGR","","ALL","1981","2"
"BGR","","ALL","1983","2"
"BGR","","ALL","1984","2"
"BGR","","ALL","1985","2"
"BGR","","ALL","1986","2"
"BGR","","ALL","1987","2"
"BGR","","ALL","1988","2"
"BGR","","ALL","1989","1.9"
"BGR","","ALL","1990","1.7"
"BGR","","ALL","1991","1.8"
"BGR","","ALL","1992","1.5"
"BGR","","ALL","1993","1.5"
"BGR","","ALL","1994","1.4"
"BGR","","ALL","1995","1.23"
"BGR","","ALL","1996","1.24"
"BGR","","ALL","1997","1.09"
"BGR","","ALL","1998","1.11"
"BGR","","ALL","1999","1.23"
"BGR","","ALL","2000","1.27"
"BGR","","ALL","2001","1.24"
"BGR","","ALL","2002","1.21"
"BGR","","ALL","2003","1.23"
"BGR","","ALL","2004","1.29"
"BGR","","ALL","2005","1.31"
"BGR","","ALL","2006","1.38"
"BGR","","ALL","2007","1.42"
"BGR","","ALL","2008","1.48"
"BGR","","ALL","2009","1.57"
"BGR","","ALL","2010","1.49"
"BGR","","ALL","2011","1.51"
"BGR","","ALL","2012","1.5"
"BGR","","ALL","2013","1.48"
"BGR","","ALL","2014","1.52"
"BGR","","ALL","2015","1.53"
"BGR","","ALL","2016","1.54"
"BGR","","ALL","2017","1.56"
"BIH","","ALL","1991","1.6"
"BIH","","ALL","1992","1.6"
"BIH","","ALL","1996","1.65"
"BIH","","ALL","1997","1.68"
"BIH","","ALL","1998","1.56"
"BIH","","ALL","1999","1.36"
"BIH","","ALL","2000","1.3"
"BIH","","ALL","2001","1.4"
"BIH","","ALL","2002","1.2"
"BIH","","ALL","2003","1.22"
"BIH","","ALL","2004","1.22"
"BIH","","ALL","2005","1.2"
"BIH","","ALL","2006","1.18"
"BIH","","ALL","2007","1.26"
"BIH","","ALL","2008","1.29"
"BIH","","ALL","2009","1.3"
"BIH","","ALL","2010","1.27"
"BIH","","ALL","2011","1.21"
"BIH","","ALL","2012","1.3"
"BIH","","ALL","2013","1.2"
"BIH","","ALL","2015","1.24"
"BIH","","ALL","2016","1.258"
"BIH","","ALL","2017","1.26"
"BIH","","ALL","2018","1.27"
"BLR","","ALL","1970","2.4"
"BLR","","ALL","1980","2"
"BLR","","ALL","1989","2.03"
"BLR","","ALL","1990","1.91"
"BLR","","ALL","1991","1.8"
"BLR","","ALL","1992","1.76"
"BLR","","ALL","1993","1.62"
"BLR","","ALL","1994","1.53"
"BLR","","ALL","1995","1.41"
"BLR","","ALL","1996","1.33"
"BLR","","ALL","1997","1.25"
"BLR","","ALL","1998","1.3"
"BLR","","ALL","1999","1.31"
"BLR","","ALL","2000","1.32"
"BLR","","ALL","2001","1.29"
"BLR","","ALL","2002","1.24"
"BLR","","ALL","2003","1.23"
"BLR","","ALL","2004","1.23"
"BLR","","ALL","2005","1.25"
"BLR","","ALL","2006","1.34"
"BLR","","ALL","2007","1.43"
"BLR","","ALL","2008","1.49"
"BLR","","ALL","2009","1.51"
"BLR","","ALL","2010","1.49"
"BLR","","ALL","2011","1.51"
"BLR","","ALL","2012","1.62"
"BLR","","ALL","2013","1.67"
"BLR","","ALL","2014","1.7"
"BLR","","ALL","2015","1.7"
"BLR","","ALL","2016","1.7"
"BLR","","ALL","2017","1.5"
"BLR","","ALL","2018","1.4"
"","CARINFONET","ALL","1980","4.14"
"","CARINFONET","ALL","1989","3.73"
"","CARINFONET","ALL","1991","3.7"
"","CARINFONET","ALL","1992","3.29"
"","CARINFONET","ALL","1993","3.42"
"","CARINFONET","ALL","1994","3.18"
"","CARINFONET","ALL","1995","3.21"
"","CARINFONET","ALL","1996","2.95"
"","CARINFONET","ALL","1997","2.87"
"","CARINFONET","ALL","1998","2.6"
"","CARINFONET","ALL","1999","2.54"
"","CARINFONET","ALL","2000","2.41"
"","CARINFONET","ALL","2001","2.43"
"","CARINFONET","ALL","2002","2.44"
"","CARINFONET","ALL","2003","2.37"
"","CARINFONET","ALL","2004","2.43"
"","CARINFONET","ALL","2005","2.43"
"","CARINFONET","ALL","2006","2.56"
"","CARINFONET","ALL","2007","2.68"
"","CARINFONET","ALL","2008","2.77"
"","CARINFONET","ALL","2009","2.7"
"","CARINFONET","ALL","2010","2.63"
"","CARINFONET","ALL","2011","2.5"
"","CARINFONET","ALL","2012","2.61"
"","CARINFONET","ALL","2013","2.54"
"","CARINFONET","ALL","2014","2.67"
"","CARINFONET","ALL","2015","2.69"
"","CARINFONET","ALL","2016","2.76"
"","CARINFONET","ALL","2017","2.74"
"","CARINFONET","ALL","2018","2.87"
"CHE","","ALL","1970","2.1"
"CHE","","ALL","1971","2.04"
"CHE","","ALL","1972","1.91"
"CHE","","ALL","1973","1.81"
"CHE","","ALL","1974","1.73"
"CHE","","ALL","1975","1.61"
"CHE","","ALL","1976","1.55"
"CHE","","ALL","1977","1.53"
"CHE","","ALL","1978","1.51"
"CHE","","ALL","1979","1.52"
"CHE","","ALL","1980","1.55"
"CHE","","ALL","1981","1.55"
"CHE","","ALL","1982","1.56"
"CHE","","ALL","1983","1.52"
"CHE","","ALL","1984","1.53"
"CHE","","ALL","1985","1.52"
"CHE","","ALL","1986","1.53"
"CHE","","ALL","1987","1.52"
"CHE","","ALL","1988","1.57"
"CHE","","ALL","1989","1.56"
"CHE","","ALL","1990","1.59"
"CHE","","ALL","1991","1.58"
"CHE","","ALL","1992","1.58"
"CHE","","ALL","1993","1.51"
"CHE","","ALL","1994","1.49"
"CHE","","ALL","1995","1.48"
"CHE","","ALL","1996","1.5"
"CHE","","ALL","1997","1.48"
"CHE","","ALL","1998","1.47"
"CHE","","ALL","1999","1.48"
"CHE","","ALL","2000","1.5"
"CHE","","ALL","2001","1.38"
"CHE","","ALL","2002","1.39"
"CHE","","ALL","2003","1.39"
"CHE","","ALL","2004","1.42"
"CHE","","ALL","2005","1.42"
"CHE","","ALL","2006","1.44"
"CHE","","ALL","2007","1.46"
"CHE","","ALL","2008","1.48"
"CHE","","ALL","2009","1.5"
"CHE","","ALL","2010","1.54"
"CHE","","ALL","2011","1.52"
"CHE","","ALL","2012","1.53"
"CHE","","ALL","2013","1.52"
"CHE","","ALL","2014","1.54"
"CHE","","ALL","2015","1.54"
"CHE","","ALL","2016","1.55"
"CHE","","ALL","2017","1.52"
"CHE","","ALL","2018","1.52"
"","CIS","ALL","1980","2.34"
"","CIS","ALL","1989","2.35"
"","CIS","ALL","1990","2.25"
"","CIS","ALL","1991","2.12"
"","CIS","ALL","1992","2.06"
"","CIS","ALL","1993","1.94"
"","CIS","ALL","1994","1.81"
"","CIS","ALL","1995","1.73"
"","CIS","ALL","1996","1.64"
"","CIS","ALL","1997","1.59"
"","CIS","ALL","1998","1.51"
"","CIS","ALL","1999","1.48"
"","CIS","ALL","2000","1.47"
"","CIS","ALL","2001","1.45"
"","CIS","ALL","2002","1.51"
"","CIS","ALL","2003","1.51"
"","CIS","ALL","2004","1.57"
"","CIS","ALL","2005","1.55"
"","CIS","ALL","2006","1.63"
"","CIS","ALL","2007","1.7"
"","CIS","ALL","2008","1.78"
"","CIS","ALL","2009","1.8"
"","CIS","ALL","2010","1.81"
"","CIS","ALL","2011","1.82"
"","CIS","ALL","2012","1.89"
"","CIS","ALL","2013","1.88"
"","CIS","ALL","2014","1.93"
"","CIS","ALL","2015","1.95"
"","CIS","ALL","2016","1.96"
"","CIS","ALL","2017","1.88"
"","CIS","ALL","2018","1.91"
"CYP","","ALL","1974","2.12"
"CYP","","ALL","1975","2.01"
"CYP","","ALL","1976","2.25"
"CYP","","ALL","1977","2.25"
"CYP","","ALL","1978","2.3"
"CYP","","ALL","1979","2.38"
"CYP","","ALL","1980","2.46"
"CYP","","ALL","1981","2.37"
"CYP","","ALL","1982","2.5"
"CYP","","ALL","1983","2.48"
"CYP","","ALL","1984","2.48"
"CYP","","ALL","1985","2.38"
"CYP","","ALL","1986","2.4"
"CYP","","ALL","1987","2.32"
"CYP","","ALL","1988","2.41"
"CYP","","ALL","1989","2.37"
"CYP","","ALL","1990","2.42"
"CYP","","ALL","1991","2.33"
"CYP","","ALL","1992","2.49"
"CYP","","ALL","1993","2.24"
"CYP","","ALL","1994","2.17"
"CYP","","ALL","1995","2.03"
"CYP","","ALL","1996","1.96"
"CYP","","ALL","1997","1.87"
"CYP","","ALL","1998","1.76"
"CYP","","ALL","1999","1.67"
"CYP","","ALL","2000","1.64"
"CYP","","ALL","2001","1.57"
"CYP","","ALL","2002","1.5"
"CYP","","ALL","2003","1.51"
"CYP","","ALL","2004","1.52"
"CYP","","ALL","2005","1.48"
"CYP","","ALL","2006","1.52"
"CYP","","ALL","2007","1.44"
"CYP","","ALL","2008","1.48"
"CYP","","ALL","2009","1.48"
"CYP","","ALL","2010","1.44"
"CYP","","ALL","2011","1.35"
"CYP","","ALL","2012","1.39"
"CYP","","ALL","2013","1.3"
"CYP","","ALL","2014","1.31"
"CYP","","ALL","2015","1.32"
"CYP","","ALL","2016","1.37"
"CYP","","ALL","2017","1.32"
"CYP","","ALL","2018","1.32"
"CZE","","ALL","1970","1.91"
"CZE","","ALL","1971","1.98"
"CZE","","ALL","1972","2.07"
"CZE","","ALL","1973","2.29"
"CZE","","ALL","1974","2.43"
"CZE","","ALL","1975","2.4"
"CZE","","ALL","1976","2.36"
"CZE","","ALL","1977","2.32"
"CZE","","ALL","1978","2.32"
"CZE","","ALL","1979","2.29"
"CZE","","ALL","1980","2.1"
"CZE","","ALL","1981","2.02"
"CZE","","ALL","1982","2.01"
"CZE","","ALL","1983","1.96"
"CZE","","ALL","1984","1.97"
"CZE","","ALL","1985","1.96"
"CZE","","ALL","1986","1.94"
"CZE","","ALL","1987","1.91"
"CZE","","ALL","1988","1.94"
"CZE","","ALL","1989","1.87"
"CZE","","ALL","1990","1.89"
"CZE","","ALL","1991","1.86"
"CZE","","ALL","1992","1.71"
"CZE","","ALL","1993","1.67"
"CZE","","ALL","1994","1.44"
"CZE","","ALL","1995","1.28"
"CZE","","ALL","1996","1.19"
"CZE","","ALL","1997","1.17"
"CZE","","ALL","1998","1.16"
"CZE","","ALL","1999","1.13"
"CZE","","ALL","2000","1.14"
"CZE","","ALL","2001","1.15"
"CZE","","ALL","2002","1.17"
"CZE","","ALL","2003","1.18"
"CZE","","ALL","2004","1.23"
"CZE","","ALL","2005","1.28"
"CZE","","ALL","2006","1.33"
"CZE","","ALL","2007","1.44"
"CZE","","ALL","2008","1.5"
"CZE","","ALL","2009","1.49"
"CZE","","ALL","2010","1.49"
"CZE","","ALL","2011","1.43"
"CZE","","ALL","2012","1.45"
"CZE","","ALL","2013","1.46"
"CZE","","ALL","2014","1.53"
"CZE","","ALL","2015","1.57"
"CZE","","ALL","2016","1.63"
"CZE","","ALL","2017","1.69"
"CZE","","ALL","2018","1.71"
"DEU","","ALL","1980","1.4"
"DEU","","ALL","1990","1.45"
"DEU","","ALL","1991","1.33"
"DEU","","ALL","1992","1.29"
"DEU","","ALL","1993","1.28"
"DEU","","ALL","1994","1.24"
"DEU","","ALL","1995","1.25"
"DEU","","ALL","1996","1.32"
"DEU","","ALL","1997","1.37"
"DEU","","ALL","1998","1.36"
"DEU","","ALL","1999","1.36"
"DEU","","ALL","2000","1.38"
"DEU","","ALL","2001","1.35"
"DEU","","ALL","2002","1.34"
"DEU","","ALL","2003","1.34"
"DEU","","ALL","2004","1.36"
"DEU","","ALL","2005","1.34"
"DEU","","ALL","2006","1.33"
"DEU","","ALL","2007","1.37"
"DEU","","ALL","2008","1.38"
"DEU","","ALL","2009","1.36"
"DEU","","ALL","2010","1.39"
"DEU","","ALL","2011","1.39"
"DEU","","ALL","2012","1.41"
"DEU","","ALL","2013","1.42"
"DEU","","ALL","2014","1.47"
"DEU","","ALL","2015","1.5"
"DEU","","ALL","2016","1.59"
"DEU","","ALL","2017","1.35"
"DEU","","ALL","2018","1.35"
"DNK","","ALL","1980","1.5"
"DNK","","ALL","1981","1.4"
"DNK","","ALL","1982","1.4"
"DNK","","ALL","1983","1.4"
"DNK","","ALL","1984","1.4"
"DNK","","ALL","1985","1.4"
"DNK","","ALL","1986","1.5"
"DNK","","ALL","1987","1.5"
"DNK","","ALL","1988","1.6"
"DNK","","ALL","1989","1.6"
"DNK","","ALL","1990","1.7"
"DNK","","ALL","1991","1.7"
"DNK","","ALL","1992","1.8"
"DNK","","ALL","1993","1.7"
"DNK","","ALL","1994","1.8"
"DNK","","ALL","1995","1.8"
"DNK","","ALL","1996","1.7"
"DNK","","ALL","1997","1.8"
"DNK","","ALL","1998","1.7"
"DNK","","ALL","1999","1.7"
"DNK","","ALL","2000","1.8"
"DNK","","ALL","2001","1.75"
"DNK","","ALL","2002","1.72"
"DNK","","ALL","2003","1.76"
"DNK","","ALL","2004","1.78"
"DNK","","ALL","2005","1.8"
"DNK","","ALL","2006","1.85"
"DNK","","ALL","2007","1.85"
"DNK","","ALL","2008","1.89"
"DNK","","ALL","2009","1.84"
"DNK","","ALL","2010","1.88"
"DNK","","ALL","2011","1.76"
"DNK","","ALL","2012","1.73"
"DNK","","ALL","2013","1.67"
"DNK","","ALL","2014","1.7"
"DNK","","ALL","2015","1.71"
"DNK","","ALL","2016","1.79"
"DNK","","ALL","2017","1.75"
"DNK","","ALL","2018","1.73"
"DNK","","ALL","2019","1.69"
"ESP","","ALL","1970","2.8"
"ESP","","ALL","1975","2.8"
"ESP","","ALL","1976","2.8"
"ESP","","ALL","1977","2.67"
"ESP","","ALL","1978","2.55"
"ESP","","ALL","1979","2.37"
"ESP","","ALL","1980","2.21"
"ESP","","ALL","1981","2.03"
"ESP","","ALL","1982","1.94"
"ESP","","ALL","1983","1.8"
"ESP","","ALL","1984","1.73"
"ESP","","ALL","1985","1.64"
"ESP","","ALL","1986","1.56"
"ESP","","ALL","1987","1.49"
"ESP","","ALL","1988","1.45"
"ESP","","ALL","1989","1.4"
"ESP","","ALL","1990","1.36"
"ESP","","ALL","1991","1.33"
"ESP","","ALL","1992","1.32"
"ESP","","ALL","1993","1.27"
"ESP","","ALL","1994","1.2"
"ESP","","ALL","1995","1.17"
"ESP","","ALL","1996","1.16"
"ESP","","ALL","1997","1.17"
"ESP","","ALL","1998","1.15"
"ESP","","ALL","1999","1.19"
"ESP","","ALL","2000","1.23"
"ESP","","ALL","2001","1.24"
"ESP","","ALL","2002","1.25"
"ESP","","ALL","2003","1.3"
"ESP","","ALL","2004","1.32"
"ESP","","ALL","2005","1.33"
"ESP","","ALL","2006","1.36"
"ESP","","ALL","2007","1.38"
"ESP","","ALL","2008","1.44"
"ESP","","ALL","2009","1.38"
"ESP","","ALL","2010","1.37"
"ESP","","ALL","2011","1.34"
"ESP","","ALL","2012","1.32"
"ESP","","ALL","2013","1.27"
"ESP","","ALL","2014","1.32"
"ESP","","ALL","2015","1.33"
"ESP","","ALL","2016","1.34"
"ESP","","ALL","2017","1.31"
"ESP","","ALL","2018","1.26"
"EST","","ALL","1970","2.16"
"EST","","ALL","1971","2.19"
"EST","","ALL","1972","2.14"
"EST","","ALL","1973","2.07"
"EST","","ALL","1974","2.07"
"EST","","ALL","1975","2.04"
"EST","","ALL","1976","2.06"
"EST","","ALL","1977","2.06"
"EST","","ALL","1978","2.02"
"EST","","ALL","1979","2.01"
"EST","","ALL","1980","2.02"
"EST","","ALL","1981","2.07"
"EST","","ALL","1982","2.08"
"EST","","ALL","1983","2.16"
"EST","","ALL","1984","2.17"
"EST","","ALL","1985","2.12"
"EST","","ALL","1986","2.17"
"EST","","ALL","1987","2.26"
"EST","","ALL","1988","2.26"
"EST","","ALL","1989","2.22"
"EST","","ALL","1990","2.05"
"EST","","ALL","1991","1.8"
"EST","","ALL","1992","1.71"
"EST","","ALL","1993","1.49"
"EST","","ALL","1994","1.42"
"EST","","ALL","1995","1.38"
"EST","","ALL","1996","1.37"
"EST","","ALL","1997","1.32"
"EST","","ALL","1998","1.28"
"EST","","ALL","1999","1.32"
"EST","","ALL","2000","1.35"
"EST","","ALL","2001","1.32"
"EST","","ALL","2002","1.36"
"EST","","ALL","2003","1.37"
"EST","","ALL","2004","1.47"
"EST","","ALL","2005","1.52"
"EST","","ALL","2006","1.58"
"EST","","ALL","2007","1.69"
"EST","","ALL","2008","1.72"
"EST","","ALL","2009","1.7"
"EST","","ALL","2010","1.72"
"EST","","ALL","2011","1.61"
"EST","","ALL","2012","1.56"
"EST","","ALL","2013","1.52"
"EST","","ALL","2014","1.54"
"EST","","ALL","2015","1.58"
"EST","","ALL","2016","1.6"
"EST","","ALL","2017","1.59"
"EST","","ALL","2018","1.67"
"","EU_AFTER_MAY2004","ALL","1970","2.26"
"","EU_AFTER_MAY2004","ALL","1980","2.2"
"","EU_AFTER_MAY2004","ALL","1981","2.19"
"","EU_AFTER_MAY2004","ALL","1982","2.16"
"","EU_AFTER_MAY2004","ALL","1983","2.12"
"","EU_AFTER_MAY2004","ALL","1984","2.15"
"","EU_AFTER_MAY2004","ALL","1985","2.15"
"","EU_AFTER_MAY2004","ALL","1986","2.15"
"","EU_AFTER_MAY2004","ALL","1987","2.13"
"","EU_AFTER_MAY2004","ALL","1988","2.09"
"","EU_AFTER_MAY2004","ALL","1989","2.02"
"","EU_AFTER_MAY2004","ALL","1990","1.91"
"","EU_AFTER_MAY2004","ALL","1991","1.88"
"","EU_AFTER_MAY2004","ALL","1992","1.74"
"","EU_AFTER_MAY2004","ALL","1993","1.68"
"","EU_AFTER_MAY2004","ALL","1994","1.6"
"","EU_AFTER_MAY2004","ALL","1995","1.53"
"","EU_AFTER_MAY2004","ALL","1996","1.43"
"","EU_AFTER_MAY2004","ALL","1997","1.38"
"","EU_AFTER_MAY2004","ALL","1998","1.34"
"","EU_AFTER_MAY2004","ALL","1999","1.31"
"","EU_AFTER_MAY2004","ALL","2000","1.32"
"","EU_AFTER_MAY2004","ALL","2001","1.25"
"","EU_AFTER_MAY2004","ALL","2002","1.23"
"","EU_AFTER_MAY2004","ALL","2003","1.23"
"","EU_AFTER_MAY2004","ALL","2004","1.25"
"","EU_AFTER_MAY2004","ALL","2005","1.27"
"","EU_AFTER_MAY2004","ALL","2006","1.29"
"","EU_AFTER_MAY2004","ALL","2007","1.32"
"","EU_AFTER_MAY2004","ALL","2008","1.4"
"","EU_AFTER_MAY2004","ALL","2009","1.41"
"","EU_AFTER_MAY2004","ALL","2010","1.39"
"","EU_AFTER_MAY2004","ALL","2011","1.33"
"","EU_AFTER_MAY2004","ALL","2012","1.34"
"","EU_AFTER_MAY2004","ALL","2013","1.37"
"","EU_AFTER_MAY2004","ALL","2014","1.43"
"","EU_AFTER_MAY2004","ALL","2015","1.45"
"","EU_AFTER_MAY2004","ALL","2016","1.5"
"","EU_AFTER_MAY2004","ALL","2017","1.55"
"","EU_AFTER_MAY2004","ALL","2018","1.55"
"","EU_BEFORE_MAY2004","ALL","1970","2.06"
"","EU_BEFORE_MAY2004","ALL","1980","1.79"
"","EU_BEFORE_MAY2004","ALL","1981","1.74"
"","EU_BEFORE_MAY2004","ALL","1982","1.71"
"","EU_BEFORE_MAY2004","ALL","1983","1.62"
"","EU_BEFORE_MAY2004","ALL","1984","1.64"
"","EU_BEFORE_MAY2004","ALL","1985","1.62"
"","EU_BEFORE_MAY2004","ALL","1986","1.59"
"","EU_BEFORE_MAY2004","ALL","1987","1.59"
"","EU_BEFORE_MAY2004","ALL","1988","1.59"
"","EU_BEFORE_MAY2004","ALL","1989","1.57"
"","EU_BEFORE_MAY2004","ALL","1990","1.58"
"","EU_BEFORE_MAY2004","ALL","1991","1.55"
"","EU_BEFORE_MAY2004","ALL","1992","1.53"
"","EU_BEFORE_MAY2004","ALL","1993","1.48"
"","EU_BEFORE_MAY2004","ALL","1994","1.45"
"","EU_BEFORE_MAY2004","ALL","1995","1.44"
"","EU_BEFORE_MAY2004","ALL","1996","1.46"
"","EU_BEFORE_MAY2004","ALL","1997","1.47"
"","EU_BEFORE_MAY2004","ALL","1998","1.47"
"","EU_BEFORE_MAY2004","ALL","1999","1.48"
"","EU_BEFORE_MAY2004","ALL","2000","1.51"
"","EU_BEFORE_MAY2004","ALL","2001","1.5"
"","EU_BEFORE_MAY2004","ALL","2002","1.5"
"","EU_BEFORE_MAY2004","ALL","2003","1.52"
"","EU_BEFORE_MAY2004","ALL","2004","1.55"
"","EU_BEFORE_MAY2004","ALL","2005","1.56"
"","EU_BEFORE_MAY2004","ALL","2006","1.58"
"","EU_BEFORE_MAY2004","ALL","2007","1.6"
"","EU_BEFORE_MAY2004","ALL","2008","1.65"
"","EU_BEFORE_MAY2004","ALL","2009","1.62"
"","EU_BEFORE_MAY2004","ALL","2010","1.64"
"","EU_BEFORE_MAY2004","ALL","2011","1.62"
"","EU_BEFORE_MAY2004","ALL","2012","1.62"
"","EU_BEFORE_MAY2004","ALL","2013","1.59"
"","EU_BEFORE_MAY2004","ALL","2014","1.6"
"","EU_BEFORE_MAY2004","ALL","2015","1.59"
"","EU_BEFORE_MAY2004","ALL","2016","1.61"
"","EU_BEFORE_MAY2004","ALL","2017","31.05"
"","EU_BEFORE_MAY2004","ALL","2018","1.51"
"","EU_MEMBERS","ALL","1970","2.11"
"","EU_MEMBERS","ALL","1980","1.88"
"","EU_MEMBERS","ALL","1981","1.84"
"","EU_MEMBERS","ALL","1982","1.81"
"","EU_MEMBERS","ALL","1983","1.74"
"","EU_MEMBERS","ALL","1984","1.76"
"","EU_MEMBERS","ALL","1985","1.74"
"","EU_MEMBERS","ALL","1986","1.72"
"","EU_MEMBERS","ALL","1987","1.71"
"","EU_MEMBERS","ALL","1988","1.71"
"","EU_MEMBERS","ALL","1989","1.68"
"","EU_MEMBERS","ALL","1990","1.66"
"","EU_MEMBERS","ALL","1991","1.62"
"","EU_MEMBERS","ALL","1992","1.58"
"","EU_MEMBERS","ALL","1993","1.53"
"","EU_MEMBERS","ALL","1994","1.49"
"","EU_MEMBERS","ALL","1995","1.46"
"","EU_MEMBERS","ALL","1996","1.45"
"","EU_MEMBERS","ALL","1997","1.45"
"","EU_MEMBERS","ALL","1998","1.44"
"","EU_MEMBERS","ALL","1999","1.44"
"","EU_MEMBERS","ALL","2000","1.47"
"","EU_MEMBERS","ALL","2001","1.44"
"","EU_MEMBERS","ALL","2002","1.44"
"","EU_MEMBERS","ALL","2003","1.46"
"","EU_MEMBERS","ALL","2004","1.49"
"","EU_MEMBERS","ALL","2005","1.5"
"","EU_MEMBERS","ALL","2006","1.52"
"","EU_MEMBERS","ALL","2007","1.54"
"","EU_MEMBERS","ALL","2008","1.59"
"","EU_MEMBERS","ALL","2009","1.58"
"","EU_MEMBERS","ALL","2010","1.59"
"","EU_MEMBERS","ALL","2011","1.56"
"","EU_MEMBERS","ALL","2012","1.56"
"","EU_MEMBERS","ALL","2013","1.54"
"","EU_MEMBERS","ALL","2014","1.57"
"","EU_MEMBERS","ALL","2015","1.56"
"","EU_MEMBERS","ALL","2016","1.59"
"","EU_MEMBERS","ALL","2017","24.86"
"","EU_MEMBERS","ALL","2018","1.52"
"FIN","","ALL","1970","1.83"
"FIN","","ALL","1971","1.7"
"FIN","","ALL","1972","1.59"
"FIN","","ALL","1973","1.5"
"FIN","","ALL","1974","1.62"
"FIN","","ALL","1975","1.69"
"FIN","","ALL","1976","1.72"
"FIN","","ALL","1977","1.69"
"FIN","","ALL","1978","1.65"
"FIN","","ALL","1979","1.64"
"FIN","","ALL","1980","1.63"
"FIN","","ALL","1981","1.65"
"FIN","","ALL","1982","1.72"
"FIN","","ALL","1983","1.74"
"FIN","","ALL","1984","1.7"
"FIN","","ALL","1985","1.64"
"FIN","","ALL","1986","1.6"
"FIN","","ALL","1987","1.59"
"FIN","","ALL","1988","1.7"
"FIN","","ALL","1989","1.71"
"FIN","","ALL","1990","1.79"
"FIN","","ALL","1991","1.8"
"FIN","","ALL","1992","1.85"
"FIN","","ALL","1993","1.81"
"FIN","","ALL","1994","1.85"
"FIN","","ALL","1995","1.81"
"FIN","","ALL","1996","1.76"
"FIN","","ALL","1997","1.75"
"FIN","","ALL","1998","1.71"
"FIN","","ALL","1999","1.73"
"FIN","","ALL","2000","1.73"
"FIN","","ALL","2001","1.72"
"FIN","","ALL","2002","1.73"
"FIN","","ALL","2003","1.76"
"FIN","","ALL","2004","1.8"
"FIN","","ALL","2005","1.8"
"FIN","","ALL","2006","1.84"
"FIN","","ALL","2007","1.83"
"FIN","","ALL","2008","1.85"
"FIN","","ALL","2009","1.86"
"FIN","","ALL","2010","1.87"
"FIN","","ALL","2011","1.83"
"FIN","","ALL","2012","1.8"
"FIN","","ALL","2013","1.75"
"FIN","","ALL","2014","1.71"
"FIN","","ALL","2015","1.65"
"FIN","","ALL","2016","1.57"
"FIN","","ALL","2017","1.49"
"FIN","","ALL","2018","1.41"
"FRA","","ALL","1970","2.47"
"FRA","","ALL","1971","2.44"
"FRA","","ALL","1972","2.41"
"FRA","","ALL","1973","2.3"
"FRA","","ALL","1974","2.11"
"FRA","","ALL","1975","1.93"
"FRA","","ALL","1976","1.83"
"FRA","","ALL","1977","1.86"
"FRA","","ALL","1978","1.82"
"FRA","","ALL","1979","1.86"
"FRA","","ALL","1980","1.95"
"FRA","","ALL","1981","1.95"
"FRA","","ALL","1982","1.91"
"FRA","","ALL","1983","1.78"
"FRA","","ALL","1984","1.8"
"FRA","","ALL","1985","1.8"
"FRA","","ALL","1986","1.81"
"FRA","","ALL","1987","1.83"
"FRA","","ALL","1988","1.8"
"FRA","","ALL","1989","1.81"
"FRA","","ALL","1990","1.79"
"FRA","","ALL","1991","1.77"
"FRA","","ALL","1992","1.79"
"FRA","","ALL","1993","1.66"
"FRA","","ALL","1994","1.66"
"FRA","","ALL","1995","1.71"
"FRA","","ALL","1996","1.73"
"FRA","","ALL","1997","1.73"
"FRA","","ALL","1998","1.76"
"FRA","","ALL","1999","1.79"
"FRA","","ALL","2000","1.87"
"FRA","","ALL","2001","1.88"
"FRA","","ALL","2002","1.86"
"FRA","","ALL","2003","1.87"
"FRA","","ALL","2004","1.9"
"FRA","","ALL","2005","1.92"
"FRA","","ALL","2006","1.98"
"FRA","","ALL","2007","1.96"
"FRA","","ALL","2008","1.99"
"FRA","","ALL","2009","1.99"
"FRA","","ALL","2010","2.02"
"FRA","","ALL","2011","2"
"FRA","","ALL","2012","2"
"FRA","","ALL","2013","1.97"
"FRA","","ALL","2014","1.97"
"FRA","","ALL","2015","1.92"
"FRA","","ALL","2016","1.89"
"FRA","","ALL","2017","186"
"FRA","","ALL","2018","1.88"
"FRA","","ALL","2019","1.87"
"GBR","","ALL","1980","1.9"
"GBR","","ALL","1981","1.81"
"GBR","","ALL","1982","1.75"
"GBR","","ALL","1983","1.75"
"GBR","","ALL","1984","1.75"
"GBR","","ALL","1985","1.8"
"GBR","","ALL","1986","1.78"
"GBR","","ALL","1987","1.82"
"GBR","","ALL","1988","1.84"
"GBR","","ALL","1989","1.81"
"GBR","","ALL","1990","1.84"
"GBR","","ALL","1991","1.82"
"GBR","","ALL","1992","1.79"
"GBR","","ALL","1993","1.76"
"GBR","","ALL","1994","1.74"
"GBR","","ALL","1995","1.71"
"GBR","","ALL","1996","1.73"
"GBR","","ALL","1997","1.72"
"GBR","","ALL","1998","1.72"
"GBR","","ALL","1999","1.69"
"GBR","","ALL","2000","1.64"
"GBR","","ALL","2001","1.63"
"GBR","","ALL","2002","1.64"
"GBR","","ALL","2003","1.71"
"GBR","","ALL","2004","1.77"
"GBR","","ALL","2005","1.8"
"GBR","","ALL","2006","1.82"
"GBR","","ALL","2007","1.87"
"GBR","","ALL","2008","1.96"
"GBR","","ALL","2009","1.89"
"GBR","","ALL","2010","1.92"
"GBR","","ALL","2011","1.91"
"GBR","","ALL","2012","1.92"
"GBR","","ALL","2013","1.83"
"GBR","","ALL","2014","1.82"
"GBR","","ALL","2015","1.8"
"GBR","","ALL","2016","1.79"
"GBR","","ALL","2017","1.74"
"GBR","","ALL","2018","1.68"
"GEO","","ALL","1970","2.6"
"GEO","","ALL","1980","2.3"
"GEO","","ALL","1989","2.14"
"GEO","","ALL","1990","2.15"
"GEO","","ALL","1991","2.1"
"GEO","","ALL","1992","1.7"
"GEO","","ALL","1993","1.5"
"GEO","","ALL","1994","1.5"
"GEO","","ALL","1995","1.6"
"GEO","","ALL","1996","1.6"
"GEO","","ALL","1997","1.6"
"GEO","","ALL","1998","1.6"
"GEO","","ALL","1999","1.6"
"GEO","","ALL","2000","1.6"
"GEO","","ALL","2001","1.6"
"GEO","","ALL","2002","1.5"
"GEO","","ALL","2003","1.6"
"GEO","","ALL","2004","1.6"
"GEO","","ALL","2005","1.6"
"GEO","","ALL","2006","1.6"
"GEO","","ALL","2007","1.7"
"GEO","","ALL","2008","1.8"
"GEO","","ALL","2009","2"
"GEO","","ALL","2010","2"
"GEO","","ALL","2011","1.9"
"GEO","","ALL","2012","1.9"
"GEO","","ALL","2013","1.9"
"GEO","","ALL","2014","2.3"
"GEO","","ALL","2015","2.3"
"GEO","","ALL","2016","2.2"
"GEO","","ALL","2017","2.1"
"GEO","","ALL","2018","2.1"
"GEO","","ALL","2019","2.01"
"GRC","","ALL","1970","2.3"
"GRC","","ALL","1980","2.2"
"GRC","","ALL","1983","2.1"
"GRC","","ALL","1989","1.5"
"GRC","","ALL","1990","1.4"
"GRC","","ALL","1991","1.4"
"GRC","","ALL","1992","1.4"
"GRC","","ALL","1993","1.3"
"GRC","","ALL","1994","1.4"
"GRC","","ALL","1995","1.3"
"GRC","","ALL","1996","1.3"
"GRC","","ALL","1997","1.3"
"GRC","","ALL","1998","1.3"
"GRC","","ALL","1999","1.3"
"GRC","","ALL","2000","1.32"
"GRC","","ALL","2001","1.25"
"GRC","","ALL","2002","1.27"
"GRC","","ALL","2003","1.28"
"GRC","","ALL","2004","1.31"
"GRC","","ALL","2005","1.34"
"GRC","","ALL","2006","1.41"
"GRC","","ALL","2007","1.42"
"GRC","","ALL","2008","1.51"
"GRC","","ALL","2009","1.51"
"GRC","","ALL","2010","1.51"
"GRC","","ALL","2011","1.4"
"GRC","","ALL","2012","1.34"
"GRC","","ALL","2013","1.29"
"GRC","","ALL","2014","1.3"
"GRC","","ALL","2015","1.33"
"GRC","","ALL","2016","1.38"
"GRC","","ALL","2017","1.35"
"GRC","","ALL","2018","1.35"
"HRV","","ALL","1980","1.92"
"HRV","","ALL","1990","1.69"
"HRV","","ALL","1991","1.5"
"HRV","","ALL","1992","1.7"
"HRV","","ALL","1993","1.7"
"HRV","","ALL","1994","1.6"
"HRV","","ALL","1995","1.6"
"HRV","","ALL","1997","1.6"
"HRV","","ALL","1998","1.5"
"HRV","","ALL","1999","1.38"
"HRV","","ALL","2000","1.39"
"HRV","","ALL","2001","1.27"
"HRV","","ALL","2002","1.34"
"HRV","","ALL","2003","1.33"
"HRV","","ALL","2004","1.35"
"HRV","","ALL","2005","1.42"
"HRV","","ALL","2006","1.38"
"HRV","","ALL","2007","1.4"
"HRV","","ALL","2008","1.47"
"HRV","","ALL","2009","1.5"
"HRV","","ALL","2010","1.46"
"HRV","","ALL","2011","1.41"
"HRV","","ALL","2012","1.52"
"HRV","","ALL","2013","1.46"
"HRV","","ALL","2014","1.46"
"HRV","","ALL","2015","1.41"
"HRV","","ALL","2016","1.43"
"HRV","","ALL","2017","1.42"
"HRV","","ALL","2018","1.47"
"HUN","","ALL","1970","2"
"HUN","","ALL","1980","1.9"
"HUN","","ALL","1983","1.8"
"HUN","","ALL","1989","1.8"
"HUN","","ALL","1990","1.84"
"HUN","","ALL","1991","1.86"
"HUN","","ALL","1992","1.78"
"HUN","","ALL","1993","1.7"
"HUN","","ALL","1994","1.64"
"HUN","","ALL","1995","1.57"
"HUN","","ALL","1996","1.47"
"HUN","","ALL","1997","1.38"
"HUN","","ALL","1998","1.33"
"HUN","","ALL","1999","1.29"
"HUN","","ALL","2000","1.33"
"HUN","","ALL","2001","1.31"
"HUN","","ALL","2002","1.3"
"HUN","","ALL","2003","1.27"
"HUN","","ALL","2004","1.28"
"HUN","","ALL","2005","1.32"
"HUN","","ALL","2006","1.35"
"HUN","","ALL","2007","1.32"
"HUN","","ALL","2008","1.35"
"HUN","","ALL","2009","1.33"
"HUN","","ALL","2010","1.26"
"HUN","","ALL","2011","1.24"
"HUN","","ALL","2012","1.34"
"HUN","","ALL","2013","1.34"
"HUN","","ALL","2014","1.41"
"HUN","","ALL","2015","1.44"
"HUN","","ALL","2016","1.49"
"HUN","","ALL","2017","1.49"
"HUN","","ALL","2018","1.49"
"IRL","","ALL","1970","3.87"
"IRL","","ALL","1971","3.98"
"IRL","","ALL","1972","3.88"
"IRL","","ALL","1973","3.74"
"IRL","","ALL","1974","3.62"
"IRL","","ALL","1975","3.4"
"IRL","","ALL","1976","3.31"
"IRL","","ALL","1977","3.27"
"IRL","","ALL","1978","3.24"
"IRL","","ALL","1979","3.23"
"IRL","","ALL","1980","3.23"
"IRL","","ALL","1981","3.07"
"IRL","","ALL","1982","2.96"
"IRL","","ALL","1983","2.76"
"IRL","","ALL","1984","2.59"
"IRL","","ALL","1985","2.5"
"IRL","","ALL","1986","2.44"
"IRL","","ALL","1987","2.31"
"IRL","","ALL","1988","2.17"
"IRL","","ALL","1989","2.08"
"IRL","","ALL","1990","2.12"
"IRL","","ALL","1991","2.09"
"IRL","","ALL","1992","1.99"
"IRL","","ALL","1993","1.91"
"IRL","","ALL","1994","1.85"
"IRL","","ALL","1995","1.85"
"IRL","","ALL","1996","1.89"
"IRL","","ALL","1997","1.94"
"IRL","","ALL","1998","1.95"
"IRL","","ALL","1999","1.91"
"IRL","","ALL","2000","1.9"
"IRL","","ALL","2001","1.96"
"IRL","","ALL","2002","1.98"
"IRL","","ALL","2003","1.98"
"IRL","","ALL","2004","1.95"
"IRL","","ALL","2005","1.88"
"IRL","","ALL","2006","1.94"
"IRL","","ALL","2007","2.03"
"IRL","","ALL","2008","2.07"
"IRL","","ALL","2009","2.06"
"IRL","","ALL","2010","2.06"
"IRL","","ALL","2011","2.02"
"IRL","","ALL","2012","1.99"
"IRL","","ALL","2013","1.96"
"IRL","","ALL","2014","1.94"
"IRL","","ALL","2015","1.86"
"IRL","","ALL","2016","1.81"
"IRL","","ALL","2017","1.8"
"IRL","","ALL","2018","1.8"
"ISL","","ALL","1980","2.5"
"ISL","","ALL","1981","2.3"
"ISL","","ALL","1982","2.3"
"ISL","","ALL","1983","2.2"
"ISL","","ALL","1984","2.1"
"ISL","","ALL","1985","1.9"
"ISL","","ALL","1986","1.9"
"ISL","","ALL","1987","2.1"
"ISL","","ALL","1988","2.3"
"ISL","","ALL","1989","2.2"
"ISL","","ALL","1990","2.3"
"ISL","","ALL","1991","2.2"
"ISL","","ALL","1992","2.2"
"ISL","","ALL","1993","2.2"
"ISL","","ALL","1994","2.1"
"ISL","","ALL","1995","2.1"
"ISL","","ALL","1996","2.1"
"ISL","","ALL","1997","2"
"ISL","","ALL","1998","2.05"
"ISL","","ALL","1999","2"
"ISL","","ALL","2000","2.1"
"ISL","","ALL","2001","1.95"
"ISL","","ALL","2002","1.93"
"ISL","","ALL","2003","1.99"
"ISL","","ALL","2004","2.03"
"ISL","","ALL","2005","2.05"
"ISL","","ALL","2006","2.07"
"ISL","","ALL","2007","2.09"
"ISL","","ALL","2008","2.14"
"ISL","","ALL","2009","2.22"
"ISL","","ALL","2010","2.2"
"ISL","","ALL","2011","2.02"
"ISL","","ALL","2012","2.04"
"ISL","","ALL","2013","1.93"
"ISL","","ALL","2014","1.93"
"ISL","","ALL","2015","1.81"
"ISL","","ALL","2016","1.745"
"ISL","","ALL","2017","1.71"
"ISL","","ALL","2018","1.707"
"ISR","","ALL","1970","3.8"
"ISR","","ALL","1980","3.2"
"ISR","","ALL","1981","3.06"
"ISR","","ALL","1982","3.12"
"ISR","","ALL","1983","3.14"
"ISR","","ALL","1984","3.13"
"ISR","","ALL","1985","3.12"
"ISR","","ALL","1986","3.09"
"ISR","","ALL","1987","3.05"
"ISR","","ALL","1988","3.1"
"ISR","","ALL","1989","2.9"
"ISR","","ALL","1990","2.8"
"ISR","","ALL","1991","2.8"
"ISR","","ALL","1992","2.7"
"ISR","","ALL","1993","2.92"
"ISR","","ALL","1994","2.9"
"ISR","","ALL","1995","2.88"
"ISR","","ALL","1996","2.94"
"ISR","","ALL","1997","2.93"
"ISR","","ALL","1998","2.98"
"ISR","","ALL","1999","2.94"
"ISR","","ALL","2000","2.95"
"ISR","","ALL","2001","2.89"
"ISR","","ALL","2002","2.89"
"ISR","","ALL","2003","2.95"
"ISR","","ALL","2004","2.92"
"ISR","","ALL","2005","2.84"
"ISR","","ALL","2006","2.88"
"ISR","","ALL","2007","2.9"
"ISR","","ALL","2008","2.96"
"ISR","","ALL","2009","2.96"
"ISR","","ALL","2010","3.04"
"ISR","","ALL","2011","2.98"
"ISR","","ALL","2012","3.05"
"ISR","","ALL","2013","3.03"
"ISR","","ALL","2014","3.08"
"ISR","","ALL","2015","3.09"
"ISR","","ALL","2016","3.11"
"ISR","","ALL","2017","3.11"
"ISR","","ALL","2018","3.09"
"ITA","","ALL","1970","2.4"
"ITA","","ALL","1971","2.4"
"ITA","","ALL","1972","2.4"
"ITA","","ALL","1973","2.3"
"ITA","","ALL","1974","2.3"
"ITA","","ALL","1975","2.2"
"ITA","","ALL","1976","2.1"
"ITA","","ALL","1977","1.9"
"ITA","","ALL","1978","1.9"
"ITA","","ALL","1979","1.8"
"ITA","","ALL","1980","1.7"
"ITA","","ALL","1981","1.6"
"ITA","","ALL","1982","1.6"
"ITA","","ALL","1983","1.3"
"ITA","","ALL","1984","1.5"
"ITA","","ALL","1985","1.45"
"ITA","","ALL","1986","1.37"
"ITA","","ALL","1987","1.35"
"ITA","","ALL","1988","1.38"
"ITA","","ALL","1989","1.35"
"ITA","","ALL","1990","1.36"
"ITA","","ALL","1991","1.33"
"ITA","","ALL","1992","1.33"
"ITA","","ALL","1993","1.26"
"ITA","","ALL","1994","1.22"
"ITA","","ALL","1995","1.18"
"ITA","","ALL","1996","1.21"
"ITA","","ALL","1997","1.21"
"ITA","","ALL","1998","1.22"
"ITA","","ALL","1999","1.23"
"ITA","","ALL","2000","1.26"
"ITA","","ALL","2001","1.26"
"ITA","","ALL","2002","1.26"
"ITA","","ALL","2003","1.28"
"ITA","","ALL","2004","1.33"
"ITA","","ALL","2005","1.32"
"ITA","","ALL","2006","1.35"
"ITA","","ALL","2007","1.37"
"ITA","","ALL","2008","1.41"
"ITA","","ALL","2009","1.41"
"ITA","","ALL","2010","1.41"
"ITA","","ALL","2011","1.39"
"ITA","","ALL","2012","1.42"
"ITA","","ALL","2013","1.39"
"ITA","","ALL","2014","1.37"
"ITA","","ALL","2015","1.35"
"ITA","","ALL","2016","1.34"
"ITA","","ALL","2017","1.32"
"ITA","","ALL","2018","1.29"
"ITA","","ALL","2019","1.29"
"KAZ","","ALL","1970","3.4"
"KAZ","","ALL","1980","2.9"
"KAZ","","ALL","1981","2.9"
"KAZ","","ALL","1983","2.91"
"KAZ","","ALL","1985","3.03"
"KAZ","","ALL","1986","3.08"
"KAZ","","ALL","1987","3.16"
"KAZ","","ALL","1988","3.12"
"KAZ","","ALL","1989","2.81"
"KAZ","","ALL","1990","2.76"
"KAZ","","ALL","1991","2.72"
"KAZ","","ALL","1992","2.62"
"KAZ","","ALL","1993","2.45"
"KAZ","","ALL","1994","2.41"
"KAZ","","ALL","1995","2.22"
"KAZ","","ALL","1996","2.05"
"KAZ","","ALL","1997","1.9"
"KAZ","","ALL","1998","1.84"
"KAZ","","ALL","1999","1.8"
"KAZ","","ALL","2000","1.85"
"KAZ","","ALL","2001","1.84"
"KAZ","","ALL","2002","1.88"
"KAZ","","ALL","2003","2.03"
"KAZ","","ALL","2004","2.21"
"KAZ","","ALL","2005","2.22"
"KAZ","","ALL","2006","2.36"
"KAZ","","ALL","2007","2.47"
"KAZ","","ALL","2008","2.68"
"KAZ","","ALL","2009","2.55"
"KAZ","","ALL","2010","2.59"
"KAZ","","ALL","2011","2.59"
"KAZ","","ALL","2012","2.62"
"KAZ","","ALL","2013","2.64"
"KAZ","","ALL","2014","2.73"
"KAZ","","ALL","2015","2.74"
"KAZ","","ALL","2016","2.77"
"KAZ","","ALL","2017","2.73"
"KAZ","","ALL","2018","2.84"
"KAZ","","ALL","2019","2.9"
"KGZ","","ALL","1970","4.9"
"KGZ","","ALL","1980","4.1"
"KGZ","","ALL","1989","3.81"
"KGZ","","ALL","1990","3.6"
"KGZ","","ALL","1991","3.6"
"KGZ","","ALL","1992","3.5"
"KGZ","","ALL","1993","3.1"
"KGZ","","ALL","1994","2.9"
"KGZ","","ALL","1995","3.1"
"KGZ","","ALL","1996","2.8"
"KGZ","","ALL","1997","2.6"
"KGZ","","ALL","1998","2.7"
"KGZ","","ALL","1999","2.6"
"KGZ","","ALL","2000","2.4"
"KGZ","","ALL","2001","2.4"
"KGZ","","ALL","2002","2.5"
"KGZ","","ALL","2003","2.5"
"KGZ","","ALL","2004","2.6"
"KGZ","","ALL","2005","2.5"
"KGZ","","ALL","2006","2.7"
"KGZ","","ALL","2007","2.8"
"KGZ","","ALL","2008","2.8"
"KGZ","","ALL","2009","2.9"
"KGZ","","ALL","2010","3"
"KGZ","","ALL","2011","3.1"
"KGZ","","ALL","2012","3.1"
"KGZ","","ALL","2013","3.1"
"KGZ","","ALL","2014","3.2"
"KGZ","","ALL","2015","3.2"
"KGZ","","ALL","2016","3.1"
"KGZ","","ALL","2017","3"
"KGZ","","ALL","2018","3.3"
"KGZ","","ALL","2019","3.3"
"LTU","","ALL","1970","2.39"
"LTU","","ALL","1971","2.3"
"LTU","","ALL","1972","2.3"
"LTU","","ALL","1973","2.2"
"LTU","","ALL","1974","2.2"
"LTU","","ALL","1975","2.18"
"LTU","","ALL","1976","2.1"
"LTU","","ALL","1977","2.1"
"LTU","","ALL","1978","2.1"
"LTU","","ALL","1979","2.1"
"LTU","","ALL","1980","1.99"
"LTU","","ALL","1981","2"
"LTU","","ALL","1982","2"
"LTU","","ALL","1983","2"
"LTU","","ALL","1984","2.1"
"LTU","","ALL","1985","2.08"
"LTU","","ALL","1986","2.12"
"LTU","","ALL","1987","2.11"
"LTU","","ALL","1988","2.02"
"LTU","","ALL","1989","1.98"
"LTU","","ALL","1990","2.03"
"LTU","","ALL","1991","2.01"
"LTU","","ALL","1992","1.97"
"LTU","","ALL","1993","1.74"
"LTU","","ALL","1994","1.57"
"LTU","","ALL","1995","1.55"
"LTU","","ALL","1996","1.49"
"LTU","","ALL","1997","1.47"
"LTU","","ALL","1998","1.46"
"LTU","","ALL","1999","1.46"
"LTU","","ALL","2000","1.39"
"LTU","","ALL","2001","1.29"
"LTU","","ALL","2002","1.23"
"LTU","","ALL","2003","1.26"
"LTU","","ALL","2004","1.27"
"LTU","","ALL","2005","1.29"
"LTU","","ALL","2006","1.33"
"LTU","","ALL","2007","1.36"
"LTU","","ALL","2008","1.45"
"LTU","","ALL","2009","1.5"
"LTU","","ALL","2010","1.5"
"LTU","","ALL","2011","1.55"
"LTU","","ALL","2012","1.6"
"LTU","","ALL","2013","1.59"
"LTU","","ALL","2014","1.63"
"LTU","","ALL","2015","1.7"
"LTU","","ALL","2016","1.69"
"LTU","","ALL","2017","1.63"
"LTU","","ALL","2018","1.63"
"LUX","","ALL","1970","1.97"
"LUX","","ALL","1971","1.92"
"LUX","","ALL","1972","1.72"
"LUX","","ALL","1973","1.52"
"LUX","","ALL","1974","1.55"
"LUX","","ALL","1975","1.63"
"LUX","","ALL","1976","1.46"
"LUX","","ALL","1977","1.45"
"LUX","","ALL","1978","1.49"
"LUX","","ALL","1979","1.47"
"LUX","","ALL","1980","1.5"
"LUX","","ALL","1981","1.55"
"LUX","","ALL","1982","1.49"
"LUX","","ALL","1983","1.44"
"LUX","","ALL","1984","1.42"
"LUX","","ALL","1985","1.38"
"LUX","","ALL","1986","1.44"
"LUX","","ALL","1987","1.39"
"LUX","","ALL","1988","1.51"
"LUX","","ALL","1989","1.52"
"LUX","","ALL","1990","1.62"
"LUX","","ALL","1991","1.6"
"LUX","","ALL","1992","1.67"
"LUX","","ALL","1993","1.69"
"LUX","","ALL","1994","1.72"
"LUX","","ALL","1995","1.67"
"LUX","","ALL","1996","1.76"
"LUX","","ALL","1997","1.71"
"LUX","","ALL","1998","1.67"
"LUX","","ALL","1999","1.71"
"LUX","","ALL","2000","1.78"
"LUX","","ALL","2001","1.66"
"LUX","","ALL","2002","1.63"
"LUX","","ALL","2003","1.62"
"LUX","","ALL","2004","1.66"
"LUX","","ALL","2005","1.62"
"LUX","","ALL","2006","1.64"
"LUX","","ALL","2007","1.61"
"LUX","","ALL","2008","1.6"
"LUX","","ALL","2009","1.59"
"LUX","","ALL","2010","1.63"
"LUX","","ALL","2011","1.51"
"LUX","","ALL","2012","1.57"
"LUX","","ALL","2013","1.55"
"LUX","","ALL","2014","1.5"
"LUX","","ALL","2015","1.47"
"LUX","","ALL","2016","1.4"
"LUX","","ALL","2017","1.39"
"LUX","","ALL","2018","1.38"
"LUX","","ALL","2019","1.34"
"LVA","","ALL","1970","1.9"
"LVA","","ALL","1980","2"
"LVA","","ALL","1985","2.09"
"LVA","","ALL","1986","2.21"
"LVA","","ALL","1987","2.21"
"LVA","","ALL","1988","2.16"
"LVA","","ALL","1989","2.04"
"LVA","","ALL","1990","2"
"LVA","","ALL","1991","1.85"
"LVA","","ALL","1992","1.74"
"LVA","","ALL","1993","1.52"
"LVA","","ALL","1994","1.41"
"LVA","","ALL","1995","1.27"
"LVA","","ALL","1996","1.18"
"LVA","","ALL","1997","1.13"
"LVA","","ALL","1998","1.11"
"LVA","","ALL","1999","1.18"
"LVA","","ALL","2000","1.24"
"LVA","","ALL","2001","1.22"
"LVA","","ALL","2002","1.25"
"LVA","","ALL","2003","1.32"
"LVA","","ALL","2004","1.29"
"LVA","","ALL","2005","1.38"
"LVA","","ALL","2006","1.46"
"LVA","","ALL","2007","1.54"
"LVA","","ALL","2008","1.59"
"LVA","","ALL","2009","1.47"
"LVA","","ALL","2010","1.36"
"LVA","","ALL","2011","1.34"
"LVA","","ALL","2012","1.45"
"LVA","","ALL","2013","1.53"
"LVA","","ALL","2014","1.65"
"LVA","","ALL","2015","1.71"
"LVA","","ALL","2016","1.74"
"LVA","","ALL","2017","1.699"
"LVA","","ALL","2018","1.612"
"MCO","","ALL","1991","1.8"
"MCO","","ALL","2001","1.8"
"MCO","","ALL","2003","1.8"
"MCO","","ALL","2015","2.3"
"MCO","","ALL","2016","2.6"
"MCO","","ALL","2017","2.5"
"MCO","","ALL","2018","2.5"
"MCO","","ALL","2019","2.5"
"MDA","","ALL","1970","2.6"
"MDA","","ALL","1980","2.4"
"MDA","","ALL","1981","2.39"
"MDA","","ALL","1982","2.43"
"MDA","","ALL","1983","2.58"
"MDA","","ALL","1984","2.67"
"MDA","","ALL","1985","2.66"
"MDA","","ALL","1986","2.75"
"MDA","","ALL","1987","2.78"
"MDA","","ALL","1988","2.64"
"MDA","","ALL","1989","2.46"
"MDA","","ALL","1990","2.39"
"MDA","","ALL","1991","2.26"
"MDA","","ALL","1992","2.21"
"MDA","","ALL","1993","2.1"
"MDA","","ALL","1994","1.95"
"MDA","","ALL","1995","1.76"
"MDA","","ALL","1996","1.6"
"MDA","","ALL","1997","1.67"
"MDA","","ALL","1998","1.49"
"MDA","","ALL","1999","1.39"
"MDA","","ALL","2000","1.29"
"MDA","","ALL","2001","1.25"
"MDA","","ALL","2002","1.28"
"MDA","","ALL","2003","1.22"
"MDA","","ALL","2004","1.26"
"MDA","","ALL","2005","1.27"
"MDA","","ALL","2006","1.2"
"MDA","","ALL","2007","1.3"
"MDA","","ALL","2008","1.3"
"MDA","","ALL","2009","1.3"
"MDA","","ALL","2010","1.3"
"MDA","","ALL","2011","1.3"
"MDA","","ALL","2012","1.3"
"MDA","","ALL","2013","1.2"
"MDA","","ALL","2014","1.3"
"MDA","","ALL","2015","1.3"
"MDA","","ALL","2016","1.3"
"MDA","","ALL","2017","1.3"
"MDA","","ALL","2018","1.2"
"MDA","","ALL","2019","1.8"
"MKD","","ALL","1980","2.5"
"MKD","","ALL","1985","2.31"
"MKD","","ALL","1986","2.26"
"MKD","","ALL","1987","2.27"
"MKD","","ALL","1988","2.21"
"MKD","","ALL","1989","2.09"
"MKD","","ALL","1990","2.06"
"MKD","","ALL","1991","2.3"
"MKD","","ALL","1992","2.18"
"MKD","","ALL","1993","2.16"
"MKD","","ALL","1994","2.2"
"MKD","","ALL","1995","2.1"
"MKD","","ALL","1996","2.1"
"MKD","","ALL","1997","1.9"
"MKD","","ALL","1998","1.9"
"MKD","","ALL","1999","1.9"
"MKD","","ALL","2000","1.9"
"MKD","","ALL","2001","1.8"
"MKD","","ALL","2002","1.75"
"MKD","","ALL","2003","1.54"
"MKD","","ALL","2004","1.52"
"MKD","","ALL","2005","1.46"
"MKD","","ALL","2006","1.46"
"MKD","","ALL","2007","1.46"
"MKD","","ALL","2008","1.46"
"MKD","","ALL","2009","1.52"
"MKD","","ALL","2010","1.55"
"MKD","","ALL","2011","1.46"
"MKD","","ALL","2012","1.51"
"MKD","","ALL","2013","1.48"
"MKD","","ALL","2014","1.52"
"MKD","","ALL","2015","1.49"
"MKD","","ALL","2016","1.5"
"MKD","","ALL","2017","1.43"
"MKD","","ALL","2018","1.42"
"MLT","","ALL","1984","2"
"MLT","","ALL","1985","1.9"
"MLT","","ALL","1986","1.9"
"MLT","","ALL","1987","2"
"MLT","","ALL","1988","2.1"
"MLT","","ALL","1989","2.1"
"MLT","","ALL","1990","2"
"MLT","","ALL","1991","2"
"MLT","","ALL","1992","2.1"
"MLT","","ALL","1993","2"
"MLT","","ALL","1994","1.9"
"MLT","","ALL","1995","1.8"
"MLT","","ALL","1996","2"
"MLT","","ALL","1997","2"
"MLT","","ALL","1998","1.8"
"MLT","","ALL","1999","1.7"
"MLT","","ALL","2000","1.7"
"MLT","","ALL","2001","1.5"
"MLT","","ALL","2002","1.4"
"MLT","","ALL","2003","1.5"
"MLT","","ALL","2004","1.37"
"MLT","","ALL","2005","1.37"
"MLT","","ALL","2006","1.41"
"MLT","","ALL","2007","1.37"
"MLT","","ALL","2008","1.4"
"MLT","","ALL","2009","1.4"
"MLT","","ALL","2010","1.4"
"MLT","","ALL","2011","1.5"
"MLT","","ALL","2012","1.36"
"MLT","","ALL","2013","1.36"
"MLT","","ALL","2014","1.38"
"MLT","","ALL","2015","1.37"
"MLT","","ALL","2016","1.37"
"MLT","","ALL","2017","1.26"
"MLT","","ALL","2018","1.23"
"MLT","","ALL","2019","1.14"
"MNE","","ALL","2000","1.85"
"MNE","","ALL","2003","1.83"
"MNE","","ALL","2004","1.71"
"MNE","","ALL","2005","1.6"
"MNE","","ALL","2006","1.64"
"MNE","","ALL","2007","1.69"
"MNE","","ALL","2008","1.8"
"MNE","","ALL","2009","1.85"
"MNE","","ALL","2010","1.66"
"MNE","","ALL","2011","1.65"
"MNE","","ALL","2012","1.71"
"MNE","","ALL","2013","1.73"
"MNE","","ALL","2014","1.75"
"MNE","","ALL","2015","1.7"
"MNE","","ALL","2016","1.8"
"MNE","","ALL","2017","1.8"
"MNE","","ALL","2018","1.8"
"NLD","","ALL","1980","1.6"
"NLD","","ALL","1983","1.5"
"NLD","","ALL","1989","1.5"
"NLD","","ALL","1990","1.62"
"NLD","","ALL","1991","1.61"
"NLD","","ALL","1992","1.59"
"NLD","","ALL","1993","1.57"
"NLD","","ALL","1994","1.57"
"NLD","","ALL","1995","1.53"
"NLD","","ALL","1996","1.53"
"NLD","","ALL","1997","1.56"
"NLD","","ALL","1998","1.63"
"NLD","","ALL","1999","1.65"
"NLD","","ALL","2000","1.72"
"NLD","","ALL","2001","1.71"
"NLD","","ALL","2002","1.73"
"NLD","","ALL","2003","1.75"
"NLD","","ALL","2004","1.73"
"NLD","","ALL","2005","1.71"
"NLD","","ALL","2006","1.72"
"NLD","","ALL","2007","1.72"
"NLD","","ALL","2008","1.77"
"NLD","","ALL","2009","1.79"
"NLD","","ALL","2010","1.8"
"NLD","","ALL","2011","1.76"
"NLD","","ALL","2012","1.723"
"NLD","","ALL","2013","1.679"
"NLD","","ALL","2014","1.713"
"NLD","","ALL","2015","1.658"
"NLD","","ALL","2016","1.663"
"NLD","","ALL","2017","1.619"
"NLD","","ALL","2018","1.586"
"NOR","","ALL","1980","1.7"
"NOR","","ALL","1983","1.7"
"NOR","","ALL","1989","1.8"
"NOR","","ALL","1990","1.8"
"NOR","","ALL","1991","1.92"
"NOR","","ALL","1992","1.88"
"NOR","","ALL","1993","1.86"
"NOR","","ALL","1994","1.87"
"NOR","","ALL","1995","1.87"
"NOR","","ALL","1996","1.89"
"NOR","","ALL","1997","1.86"
"NOR","","ALL","1998","1.81"
"NOR","","ALL","1999","1.85"
"NOR","","ALL","2000","1.85"
"NOR","","ALL","2001","1.78"
"NOR","","ALL","2002","1.75"
"NOR","","ALL","2003","1.8"
"NOR","","ALL","2004","1.81"
"NOR","","ALL","2005","1.84"
"NOR","","ALL","2006","1.9"
"NOR","","ALL","2007","1.9"
"NOR","","ALL","2008","1.96"
"NOR","","ALL","2009","1.98"
"NOR","","ALL","2010","1.95"
"NOR","","ALL","2011","1.88"
"NOR","","ALL","2012","1.85"
"NOR","","ALL","2013","1.78"
"NOR","","ALL","2014","1.76"
"NOR","","ALL","2015","1.73"
"NOR","","ALL","2016","1.71"
"NOR","","ALL","2017","1.62"
"NOR","","ALL","2018","1.56"
"NOR","","ALL","2019","1.53"
"","NORDIC","ALL","1980","1.64"
"","NORDIC","ALL","1981","1.6"
"","NORDIC","ALL","1982","1.61"
"","NORDIC","ALL","1983","1.61"
"","NORDIC","ALL","1984","1.63"
"","NORDIC","ALL","1985","1.64"
"","NORDIC","ALL","1986","1.68"
"","NORDIC","ALL","1987","1.7"
"","NORDIC","ALL","1988","1.79"
"","NORDIC","ALL","1989","1.82"
"","NORDIC","ALL","1990","1.9"
"","NORDIC","ALL","1991","1.92"
"","NORDIC","ALL","1992","1.93"
"","NORDIC","ALL","1993","1.86"
"","NORDIC","ALL","1994","1.86"
"","NORDIC","ALL","1995","1.79"
"","NORDIC","ALL","1996","1.72"
"","NORDIC","ALL","1997","1.7"
"","NORDIC","ALL","1998","1.66"
"","NORDIC","ALL","1999","1.66"
"","NORDIC","ALL","2000","1.7"
"","NORDIC","ALL","2001","1.69"
"","NORDIC","ALL","2002","1.7"
"","NORDIC","ALL","2003","1.75"
"","NORDIC","ALL","2004","1.78"
"","NORDIC","ALL","2005","1.8"
"","NORDIC","ALL","2006","1.86"
"","NORDIC","ALL","2007","1.87"
"","NORDIC","ALL","2008","1.91"
"","NORDIC","ALL","2009","1.91"
"","NORDIC","ALL","2010","1.93"
"","NORDIC","ALL","2011","1.85"
"","NORDIC","ALL","2012","1.83"
"","NORDIC","ALL","2013","1.79"
"","NORDIC","ALL","2014","1.78"
"","NORDIC","ALL","2015","1.75"
"","NORDIC","ALL","2016","1.75"
"","NORDIC","ALL","2017","1.68"
"","NORDIC","ALL","2018","1.64"
"POL","","ALL","1970","2.2"
"POL","","ALL","1980","2.3"
"POL","","ALL","1983","2.4"
"POL","","ALL","1989","2.1"
"POL","","ALL","1990","2.04"
"POL","","ALL","1991","2.1"
"POL","","ALL","1992","1.9"
"POL","","ALL","1993","1.85"
"POL","","ALL","1994","1.8"
"POL","","ALL","1995","1.8"
"POL","","ALL","1996","1.58"
"POL","","ALL","1997","1.51"
"POL","","ALL","1998","1.43"
"POL","","ALL","1999","1.37"
"POL","","ALL","2000","1.37"
"POL","","ALL","2001","1.29"
"POL","","ALL","2002","1.24"
"POL","","ALL","2003","1.22"
"POL","","ALL","2004","1.23"
"POL","","ALL","2005","1.24"
"POL","","ALL","2006","1.27"
"POL","","ALL","2007","1.31"
"POL","","ALL","2008","1.39"
"POL","","ALL","2009","1.4"
"POL","","ALL","2010","1.38"
"POL","","ALL","2011","1.3"
"POL","","ALL","2012","1.3"
"POL","","ALL","2013","1.26"
"POL","","ALL","2014","1.2897"
"POL","","ALL","2015","1.2888"
"POL","","ALL","2016","1.3571"
"POL","","ALL","2017","1.4529"
"POL","","ALL","2018","1.4347"
"PRT","","ALL","1970","2.8"
"PRT","","ALL","1980","2.2"
"PRT","","ALL","1981","2.13"
"PRT","","ALL","1983","2"
"PRT","","ALL","1985","1.7"
"PRT","","ALL","1986","1.63"
"PRT","","ALL","1987","1.56"
"PRT","","ALL","1988","1.53"
"PRT","","ALL","1989","1.5"
"PRT","","ALL","1990","1.54"
"PRT","","ALL","1991","1.57"
"PRT","","ALL","1992","1.54"
"PRT","","ALL","1993","1.52"
"PRT","","ALL","1994","1.44"
"PRT","","ALL","1995","1.41"
"PRT","","ALL","1996","1.44"
"PRT","","ALL","1997","1.46"
"PRT","","ALL","1998","1.46"
"PRT","","ALL","1999","1.5"
"PRT","","ALL","2000","1.51"
"PRT","","ALL","2001","1.42"
"PRT","","ALL","2002","1.42"
"PRT","","ALL","2003","1.44"
"PRT","","ALL","2004","1.42"
"PRT","","ALL","2005","1.41"
"PRT","","ALL","2006","1.36"
"PRT","","ALL","2007","1.35"
"PRT","","ALL","2008","1.4"
"PRT","","ALL","2009","1.35"
"PRT","","ALL","2010","1.39"
"PRT","","ALL","2011","1.35"
"PRT","","ALL","2012","1.28"
"PRT","","ALL","2013","1.21"
"PRT","","ALL","2014","1.23"
"PRT","","ALL","2015","1.3"
"PRT","","ALL","2016","1.36"
"PRT","","ALL","2017","1.37"
"PRT","","ALL","2018","1.41"
"ROU","","ALL","1970","2.9"
"ROU","","ALL","1971","2.7"
"ROU","","ALL","1972","2.5"
"ROU","","ALL","1973","2.4"
"ROU","","ALL","1974","2.7"
"ROU","","ALL","1975","2.6"
"ROU","","ALL","1976","2.6"
"ROU","","ALL","1977","2.6"
"ROU","","ALL","1978","2.5"
"ROU","","ALL","1979","2.5"
"ROU","","ALL","1980","2.4"
"ROU","","ALL","1981","2.4"
"ROU","","ALL","1982","2.2"
"ROU","","ALL","1983","2"
"ROU","","ALL","1984","2.2"
"ROU","","ALL","1985","2.3"
"ROU","","ALL","1986","2.4"
"ROU","","ALL","1987","2.4"
"ROU","","ALL","1988","2.3"
"ROU","","ALL","1989","2.2"
"ROU","","ALL","1990","1.8"
"ROU","","ALL","1991","1.6"
"ROU","","ALL","1992","1.5"
"ROU","","ALL","1993","1.4"
"ROU","","ALL","1994","1.4"
"ROU","","ALL","1995","1.3"
"ROU","","ALL","1996","1.3"
"ROU","","ALL","1997","1.3"
"ROU","","ALL","1998","1.3"
"ROU","","ALL","1999","1.3"
"ROU","","ALL","2000","1.3"
"ROU","","ALL","2001","1.2"
"ROU","","ALL","2002","1.2"
"ROU","","ALL","2003","1.2"
"ROU","","ALL","2004","1.2"
"ROU","","ALL","2005","1.2"
"ROU","","ALL","2006","1.2"
"ROU","","ALL","2007","1.2"
"ROU","","ALL","2008","1.3"
"ROU","","ALL","2009","1.3"
"ROU","","ALL","2010","1.3"
"ROU","","ALL","2011","1.2"
"ROU","","ALL","2012","1.2"
"ROU","","ALL","2013","1.4"
"ROU","","ALL","2014","1.56"
"ROU","","ALL","2015","1.62"
"ROU","","ALL","2016","1.69"
"ROU","","ALL","2017","1.71"
"ROU","","ALL","2018","1.7"
"RUS","","ALL","1970","2"
"RUS","","ALL","1980","1.9"
"RUS","","ALL","1989","2.02"
"RUS","","ALL","1990","1.9"
"RUS","","ALL","1991","1.7"
"RUS","","ALL","1992","1.7"
"RUS","","ALL","1993","1.5"
"RUS","","ALL","1994","1.4"
"RUS","","ALL","1995","1.3"
"RUS","","ALL","1996","1.28"
"RUS","","ALL","1997","1.23"
"RUS","","ALL","1998","1.2"
"RUS","","ALL","1999","1.17"
"RUS","","ALL","2000","1.2"
"RUS","","ALL","2001","1.2"
"RUS","","ALL","2002","1.28"
"RUS","","ALL","2003","1.28"
"RUS","","ALL","2004","1.34"
"RUS","","ALL","2005","1.29"
"RUS","","ALL","2012","1.69"
"RUS","","ALL","2013","1.71"
"RUS","","ALL","2014","1.75"
"RUS","","ALL","2015","1.78"
"RUS","","ALL","2016","1.76"
"RUS","","ALL","2017","1.62"
"","SEEHN","ALL","1980","2.36"
"","SEEHN","ALL","1981","2.34"
"","SEEHN","ALL","1983","2.19"
"","SEEHN","ALL","1984","2.29"
"","SEEHN","ALL","1985","2.32"
"","SEEHN","ALL","1986","2.36"
"","SEEHN","ALL","1987","2.36"
"","SEEHN","ALL","1988","2.31"
"","SEEHN","ALL","1989","2.2"
"","SEEHN","ALL","1990","2.01"
"","SEEHN","ALL","1991","1.93"
"","SEEHN","ALL","1992","1.81"
"","SEEHN","ALL","1993","1.79"
"","SEEHN","ALL","1994","1.76"
"","SEEHN","ALL","1995","1.67"
"","SEEHN","ALL","1996","1.67"
"","SEEHN","ALL","1997","1.63"
"","SEEHN","ALL","1998","1.6"
"","SEEHN","ALL","1999","1.58"
"","SEEHN","ALL","2000","1.57"
"","SEEHN","ALL","2001","1.53"
"","SEEHN","ALL","2002","1.54"
"","SEEHN","ALL","2003","1.53"
"","SEEHN","ALL","2004","1.52"
"","SEEHN","ALL","2005","1.5"
"","SEEHN","ALL","2006","1.49"
"","SEEHN","ALL","2007","1.5"
"","SEEHN","ALL","2008","1.58"
"","SEEHN","ALL","2009","1.6"
"","SEEHN","ALL","2010","1.6"
"","SEEHN","ALL","2011","1.55"
"","SEEHN","ALL","2012","1.58"
"","SEEHN","ALL","2013","1.64"
"","SEEHN","ALL","2014","1.73"
"","SEEHN","ALL","2015","1.76"
"","SEEHN","ALL","2016","1.79"
"","SEEHN","ALL","2017","1.8"
"","SEEHN","ALL","2018","1.8"
"","SMALL","ALL","1984","1.97"
"","SMALL","ALL","1985","1.9"
"","SMALL","ALL","1986","1.92"
"","SMALL","ALL","1987","1.93"
"","SMALL","ALL","1988","2.01"
"","SMALL","ALL","1989","1.99"
"","SMALL","ALL","1990","2.01"
"","SMALL","ALL","1991","1.98"
"","SMALL","ALL","1992","2.05"
"","SMALL","ALL","1993","1.97"
"","SMALL","ALL","1994","1.93"
"","SMALL","ALL","1995","1.86"
"","SMALL","ALL","1996","1.89"
"","SMALL","ALL","1997","1.85"
"","SMALL","ALL","1998","1.79"
"","SMALL","ALL","1999","1.75"
"","SMALL","ALL","2000","1.77"
"","SMALL","ALL","2001","1.68"
"","SMALL","ALL","2002","1.63"
"","SMALL","ALL","2003","1.65"
"","SMALL","ALL","2004","1.62"
"","SMALL","ALL","2005","1.57"
"","SMALL","ALL","2006","1.61"
"","SMALL","ALL","2007","1.59"
"","SMALL","ALL","2008","1.64"
"","SMALL","ALL","2009","1.65"
"","SMALL","ALL","2010","1.6"
"","SMALL","ALL","2011","1.55"
"","SMALL","ALL","2012","1.56"
"","SMALL","ALL","2013","1.53"
"","SMALL","ALL","2014","1.53"
"","SMALL","ALL","2015","1.5"
"","SMALL","ALL","2016","1.52"
"","SMALL","ALL","2017","1.47"
"","SMALL","ALL","2018","1.47"
"","SMALL","ALL","2019","1.44"
"SMR","","ALL","1991","1.5"
"SMR","","ALL","2001","1.3"
"SMR","","ALL","2003","1.2"
"SMR","","ALL","2007","1.23"
"SMR","","ALL","2008","1.55"
"SMR","","ALL","2009","1.37"
"SMR","","ALL","2010","1.57"
"SMR","","ALL","2011","1.54"
"SMR","","ALL","2012","1.36"
"SMR","","ALL","2013","1.52"
"SMR","","ALL","2014","1.53"
"SMR","","ALL","2015","1.36"
"SMR","","ALL","2016","1.4"
"SMR","","ALL","2017","1.2"
"SMR","","ALL","2018","1.3"
"SMR","","ALL","2019","1.3"
"SRB","","ALL","1985","2.2"
"SRB","","ALL","1986","2.2"
"SRB","","ALL","1987","2.2"
"SRB","","ALL","1988","2.2"
"SRB","","ALL","1989","2.1"
"SRB","","ALL","1990","2.1"
"SRB","","ALL","1991","2"
"SRB","","ALL","1992","1.9"
"SRB","","ALL","1993","1.9"
"SRB","","ALL","1994","1.9"
"SRB","","ALL","1995","1.9"
"SRB","","ALL","1996","1.8"
"SRB","","ALL","1997","1.7"
"SRB","","ALL","1998","1.5"
"SRB","","ALL","1999","1.4"
"SRB","","ALL","2000","1.4"
"SRB","","ALL","2001","1.5"
"SRB","","ALL","2002","1.6"
"SRB","","ALL","2003","1.6"
"SRB","","ALL","2004","1.6"
"SRB","","ALL","2005","1.5"
"SRB","","ALL","2006","1.4"
"SRB","","ALL","2007","1.4"
"SRB","","ALL","2008","1.4"
"SRB","","ALL","2009","1.4"
"SRB","","ALL","2010","1.4"
"SRB","","ALL","2011","1.4"
"SRB","","ALL","2012","1.4"
"SRB","","ALL","2013","1.4"
"SRB","","ALL","2014","1.4"
"SRB","","ALL","2015","1.5"
"SRB","","ALL","2016","1.5"
"SRB","","ALL","2017","1.5"
"SRB","","ALL","2018","1.5"
"SVK","","ALL","1980","2.3"
"SVK","","ALL","1981","2.29"
"SVK","","ALL","1982","2.28"
"SVK","","ALL","1983","2.28"
"SVK","","ALL","1984","2.26"
"SVK","","ALL","1985","2.25"
"SVK","","ALL","1986","2.18"
"SVK","","ALL","1987","2.14"
"SVK","","ALL","1988","2.15"
"SVK","","ALL","1989","2.08"
"SVK","","ALL","1990","2.09"
"SVK","","ALL","1991","2.05"
"SVK","","ALL","1992","1.99"
"SVK","","ALL","1993","1.93"
"SVK","","ALL","1994","1.67"
"SVK","","ALL","1995","1.52"
"SVK","","ALL","1996","1.47"
"SVK","","ALL","1997","1.43"
"SVK","","ALL","1998","1.37"
"SVK","","ALL","1999","1.33"
"SVK","","ALL","2000","1.29"
"SVK","","ALL","2001","1.2"
"SVK","","ALL","2002","1.18"
"SVK","","ALL","2003","1.2"
"SVK","","ALL","2004","1.24"
"SVK","","ALL","2005","1.25"
"SVK","","ALL","2006","1.25"
"SVK","","ALL","2007","1.26"
"SVK","","ALL","2008","1.34"
"SVK","","ALL","2009","1.42"
"SVK","","ALL","2010","1.41"
"SVK","","ALL","2011","1.46"
"SVK","","ALL","2012","1.34"
"SVK","","ALL","2013","1.35"
"SVK","","ALL","2014","1.37"
"SVK","","ALL","2015","1.4"
"SVK","","ALL","2016","1.48"
"SVK","","ALL","2017","1.52"
"SVK","","ALL","2018","1.54"
"SVK","","ALL","2019","1.56"
"SVN","","ALL","1970","2.21"
"SVN","","ALL","1971","2.16"
"SVN","","ALL","1972","2.14"
"SVN","","ALL","1973","2.18"
"SVN","","ALL","1974","2.1"
"SVN","","ALL","1975","2.16"
"SVN","","ALL","1976","2.17"
"SVN","","ALL","1977","2.16"
"SVN","","ALL","1978","2.19"
"SVN","","ALL","1979","2.22"
"SVN","","ALL","1980","2.11"
"SVN","","ALL","1981","1.96"
"SVN","","ALL","1982","1.93"
"SVN","","ALL","1983","1.82"
"SVN","","ALL","1984","1.75"
"SVN","","ALL","1985","1.72"
"SVN","","ALL","1986","1.65"
"SVN","","ALL","1987","1.64"
"SVN","","ALL","1988","1.63"
"SVN","","ALL","1989","1.52"
"SVN","","ALL","1990","1.46"
"SVN","","ALL","1991","1.42"
"SVN","","ALL","1992","1.34"
"SVN","","ALL","1993","1.33"
"SVN","","ALL","1994","1.32"
"SVN","","ALL","1995","1.29"
"SVN","","ALL","1996","1.28"
"SVN","","ALL","1997","1.25"
"SVN","","ALL","1998","1.23"
"SVN","","ALL","1999","1.21"
"SVN","","ALL","2000","1.26"
"SVN","","ALL","2001","1.21"
"SVN","","ALL","2002","1.21"
"SVN","","ALL","2003","1.2"
"SVN","","ALL","2004","1.25"
"SVN","","ALL","2005","1.26"
"SVN","","ALL","2006","1.31"
"SVN","","ALL","2007","1.38"
"SVN","","ALL","2008","1.53"
"SVN","","ALL","2009","1.53"
"SVN","","ALL","2010","1.57"
"SVN","","ALL","2011","1.56"
"SVN","","ALL","2012","1.58"
"SVN","","ALL","2013","1.55"
"SVN","","ALL","2014","1.58"
"SVN","","ALL","2015","1.57"
"SVN","","ALL","2016","1.58"
"SVN","","ALL","2017","1.62"
"SVN","","ALL","2018","1.61"
"SWE","","ALL","1970","1.91"
"SWE","","ALL","1971","1.96"
"SWE","","ALL","1972","1.91"
"SWE","","ALL","1973","1.86"
"SWE","","ALL","1974","1.87"
"SWE","","ALL","1975","1.77"
"SWE","","ALL","1976","1.68"
"SWE","","ALL","1977","1.64"
"SWE","","ALL","1978","1.6"
"SWE","","ALL","1979","1.66"
"SWE","","ALL","1980","1.68"
"SWE","","ALL","1981","1.63"
"SWE","","ALL","1982","1.62"
"SWE","","ALL","1983","1.61"
"SWE","","ALL","1984","1.66"
"SWE","","ALL","1985","1.74"
"SWE","","ALL","1986","1.8"
"SWE","","ALL","1987","1.84"
"SWE","","ALL","1988","1.96"
"SWE","","ALL","1989","2.01"
"SWE","","ALL","1990","2.13"
"SWE","","ALL","1991","2.11"
"SWE","","ALL","1992","2.07"
"SWE","","ALL","1993","1.98"
"SWE","","ALL","1994","1.88"
"SWE","","ALL","1995","1.73"
"SWE","","ALL","1996","1.6"
"SWE","","ALL","1997","1.53"
"SWE","","ALL","1998","1.51"
"SWE","","ALL","1999","1.5"
"SWE","","ALL","2000","1.54"
"SWE","","ALL","2001","1.57"
"SWE","","ALL","2002","1.65"
"SWE","","ALL","2003","1.71"
"SWE","","ALL","2004","1.75"
"SWE","","ALL","2005","1.77"
"SWE","","ALL","2006","1.85"
"SWE","","ALL","2007","1.88"
"SWE","","ALL","2008","1.91"
"SWE","","ALL","2009","1.93"
"SWE","","ALL","2010","1.98"
"SWE","","ALL","2011","1.9"
"SWE","","ALL","2012","1.9"
"SWE","","ALL","2013","1.89"
"SWE","","ALL","2014","1.88"
"SWE","","ALL","2015","1.85"
"SWE","","ALL","2016","1.85"
"SWE","","ALL","2017","1.78"
"SWE","","ALL","2018","1.75"
"TJK","","ALL","1970","5.9"
"TJK","","ALL","1980","5.6"
"TJK","","ALL","1989","5.08"
"TJK","","ALL","1991","5"
"TJK","","ALL","1992","5.1"
"TJK","","ALL","1993","4.8"
"TJK","","ALL","1994","4"
"TJK","","ALL","1995","4.1"
"TJK","","ALL","1997","3.5"
"TJK","","ALL","1998","3.4"
"TJK","","ALL","2000","3.12"
"TJK","","ALL","2001","3.1"
"TJK","","ALL","2002","3.81"
"TJK","","ALL","2003","3"
"TJK","","ALL","2005","3.53"
"TJK","","ALL","2010","3.6"
"TJK","","ALL","2011","2.77"
"TJK","","ALL","2012","3.8"
"TJK","","ALL","2013","2.62"
"TJK","","ALL","2014","2.98"
"TJK","","ALL","2015","3"
"TJK","","ALL","2016","3.7"
"TJK","","ALL","2017","3.8"
"TKM","","ALL","1970","6"
"TKM","","ALL","1980","4.9"
"TKM","","ALL","1989","4.27"
"TKM","","ALL","1991","4.1"
"TKM","","ALL","1992","3.3"
"TKM","","ALL","1993","3.9"
"TKM","","ALL","1994","3.8"
"TKM","","ALL","1995","3.8"
"TKM","","ALL","1997","3"
"TKM","","ALL","1998","2.9"
"TKM","","ALL","2000","2.33"
"TKM","","ALL","2001","3.3"
"TKM","","ALL","2002","2.76"
"TKM","","ALL","2003","2.7"
"TKM","","ALL","2005","2.6"
"TUR","","ALL","1970","5.62"
"TUR","","ALL","1971","5.53"
"TUR","","ALL","1972","5.43"
"TUR","","ALL","1973","5.32"
"TUR","","ALL","1974","5.19"
"TUR","","ALL","1975","5.06"
"TUR","","ALL","1976","4.92"
"TUR","","ALL","1977","4.79"
"TUR","","ALL","1978","4.65"
"TUR","","ALL","1979","4.53"
"TUR","","ALL","1980","4.41"
"TUR","","ALL","1981","4.28"
"TUR","","ALL","1982","4.16"
"TUR","","ALL","1983","4.02"
"TUR","","ALL","1984","3.88"
"TUR","","ALL","1985","3.74"
"TUR","","ALL","1986","3.6"
"TUR","","ALL","1987","3.46"
"TUR","","ALL","1988","3.33"
"TUR","","ALL","1989","3.21"
"TUR","","ALL","1990","3.11"
"TUR","","ALL","1991","3.02"
"TUR","","ALL","1992","2.94"
"TUR","","ALL","1993","2.87"
"TUR","","ALL","1994","2.81"
"TUR","","ALL","1995","2.76"
"TUR","","ALL","1996","2.71"
"TUR","","ALL","1997","2.66"
"TUR","","ALL","1998","2.61"
"TUR","","ALL","1999","2.56"
"TUR","","ALL","2000","2.5"
"TUR","","ALL","2001","2.38"
"TUR","","ALL","2002","2.17"
"TUR","","ALL","2003","2.09"
"TUR","","ALL","2004","2.11"
"TUR","","ALL","2005","2.12"
"TUR","","ALL","2006","2.12"
"TUR","","ALL","2007","2.16"
"TUR","","ALL","2008","2.15"
"TUR","","ALL","2009","2.1"
"TUR","","ALL","2010","2.08"
"TUR","","ALL","2011","2.05"
"TUR","","ALL","2012","2.11"
"TUR","","ALL","2013","2.11"
"TUR","","ALL","2014","2.19"
"TUR","","ALL","2015","2.15"
"TUR","","ALL","2016","2.11"
"TUR","","ALL","2017","2.07"
"TUR","","ALL","2018","1.99"
"UKR","","ALL","1970","2.1"
"UKR","","ALL","1980","2"
"UKR","","ALL","1986","2.15"
"UKR","","ALL","1988","2.06"
"UKR","","ALL","1989","1.93"
"UKR","","ALL","1991","1.7"
"UKR","","ALL","1992","1.8"
"UKR","","ALL","1993","1.6"
"UKR","","ALL","1994","1.5"
"UKR","","ALL","1995","1.38"
"UKR","","ALL","1996","1.31"
"UKR","","ALL","1997","1.25"
"UKR","","ALL","1998","1.2"
"UKR","","ALL","1999","1.2"
"UKR","","ALL","2000","1.2"
"UKR","","ALL","2001","1.1"
"UKR","","ALL","2002","1.13"
"UKR","","ALL","2003","1.18"
"UKR","","ALL","2004","1.22"
"UKR","","ALL","2005","1.21"
"UKR","","ALL","2006","1.31"
"UKR","","ALL","2007","1.34"
"UKR","","ALL","2008","1.46"
"UKR","","ALL","2009","1.47"
"UKR","","ALL","2010","1.43"
"UKR","","ALL","2011","1.46"
"UKR","","ALL","2012","1.53"
"UKR","","ALL","2013","1.5"
"UZB","","ALL","1970","5.7"
"UZB","","ALL","1980","4.8"
"UZB","","ALL","1989","4.02"
"UZB","","ALL","1991","4.1"
"UZB","","ALL","1992","3.3"
"UZB","","ALL","1993","3.8"
"UZB","","ALL","1994","3.5"
"UZB","","ALL","1995","3.6"
"UZB","","ALL","1996","3.3"
"UZB","","ALL","1997","3.4"
"UZB","","ALL","1998","2.8"
"UZB","","ALL","1999","2.8"
"UZB","","ALL","2000","2.58"
"UZB","","ALL","2001","2.46"
"UZB","","ALL","2002","2.35"
"UZB","","ALL","2003","2.31"
"UZB","","ALL","2004","2.26"
"UZB","","ALL","2005","2.22"
"UZB","","ALL","2006","2.39"
"UZB","","ALL","2007","2.55"
"UZB","","ALL","2008","2.64"
"UZB","","ALL","2009","2.53"
"UZB","","ALL","2010","2.34"
"UZB","","ALL","2011","2.24"
"UZB","","ALL","2012","2.19"
"UZB","","ALL","2013","2.35"
"UZB","","ALL","2014","2.46"
"UZB","","ALL","2015","2.491"
"UZB","","ALL","2016","2.455"
"UZB","","ALL","2017","2.419"
"UZB","","ALL","2018","2.604"
"","WHO_EURO","ALL","1970","2.44"
"","WHO_EURO","ALL","1980","2.18"
"","WHO_EURO","ALL","1981","2.15"
"","WHO_EURO","ALL","1983","2.09"
"","WHO_EURO","ALL","1984","2.1"
"","WHO_EURO","ALL","1985","2.09"
"","WHO_EURO","ALL","1986","2.08"
"","WHO_EURO","ALL","1987","2.07"
"","WHO_EURO","ALL","1988","2.05"
"","WHO_EURO","ALL","1989","2.01"
"","WHO_EURO","ALL","1990","1.97"
"","WHO_EURO","ALL","1991","1.9"
"","WHO_EURO","ALL","1992","1.85"
"","WHO_EURO","ALL","1993","1.77"
"","WHO_EURO","ALL","1994","1.7"
"","WHO_EURO","ALL","1995","1.66"
"","WHO_EURO","ALL","1996","1.63"
"","WHO_EURO","ALL","1997","1.6"
"","WHO_EURO","ALL","1998","1.57"
"","WHO_EURO","ALL","1999","1.56"
"","WHO_EURO","ALL","2000","1.56"
"","WHO_EURO","ALL","2001","1.53"
"","WHO_EURO","ALL","2002","1.53"
"","WHO_EURO","ALL","2003","1.54"
"","WHO_EURO","ALL","2004","1.57"
"","WHO_EURO","ALL","2005","1.57"
"","WHO_EURO","ALL","2006","1.61"
"","WHO_EURO","ALL","2007","1.65"
"","WHO_EURO","ALL","2008","1.71"
"","WHO_EURO","ALL","2009","1.7"
"","WHO_EURO","ALL","2010","1.71"
"","WHO_EURO","ALL","2011","1.69"
"","WHO_EURO","ALL","2012","1.73"
"","WHO_EURO","ALL","2013","1.71"
"","WHO_EURO","ALL","2014","1.75"
"","WHO_EURO","ALL","2015","1.75"
"","WHO_EURO","ALL","2016","1.76"
"","WHO_EURO","ALL","2017","14.63"
"","WHO_EURO","ALL","2018","1.7"

"Last update","2020.09.06 20:01:36 GMT"
"Description","Total fertility rate"
"Reference link","https://dw.euro.who.int/api/v3/measures/HFA_25?lang=En"

"Copyright"
"© WHO Regional Office for Europe 2021. All rights reserved.","http://www.euro.who.int/en/home/copyright-notice"
